Date,Open,High,Low,Close,Adj Close,Volume,Daily_Return,Adj Close Diff
2018-03-13,9.56999969482422,9.56999969482422,9.56999969482422,9.56999969482422,9.56999969482422,-0.5130989388463132,,
2018-03-14,9.56999969482422,9.56999969482422,9.56999969482422,9.56999969482422,9.56999969482422,-0.5607667391560704,0.0,0.0
2018-03-15,9.5600004196167,9.600000381469728,9.5600004196167,9.600000381469728,9.600000381469728,-0.2970049107754134,0.3134868088003451,0.030000686645507812
2018-03-16,9.600000381469728,9.600000381469728,9.600000381469728,9.600000381469728,9.600000381469728,-0.5607667391560704,0.0,0.0
2018-03-19,9.56999969482422,9.59000015258789,9.56999969482422,9.59000015258789,9.59000015258789,-0.5353439123241999,-0.10416904671316507,-0.010000228881837714
2018-03-20,9.59000015258789,9.59000015258789,9.59000015258789,9.59000015258789,9.59000015258789,-0.551233179094119,0.0,0.0
2018-03-21,9.579999923706056,9.579999923706056,9.56999969482422,9.56999969482422,9.56999969482422,-0.5321660589702161,-0.2085553435395182,-0.0200004577636701
2018-03-22,9.56999969482422,9.56999969482422,9.5600004196167,9.56999969482422,9.56999969482422,-0.4940318187224102,0.0,0.0
2018-03-23,9.579999923706056,9.579999923706056,9.579999923706056,9.579999923706056,9.579999923706056,-0.5401106923551756,0.10449560293344096,0.010000228881835938
2018-03-26,9.579999923706056,9.600000381469728,9.579999923706056,9.600000381469728,9.600000381469728,-0.5210435722312727,0.2087730472124516,0.020000457763671875
2018-03-27,9.579999923706056,9.600000381469728,9.579999923706056,9.600000381469728,9.600000381469728,-0.4503363351051327,0.0,0.0
2018-03-28,9.600000381469728,9.600000381469728,9.600000381469728,9.600000381469728,9.600000381469728,-0.5607667391560704,0.0,0.0
2018-03-29,9.609999656677246,9.649999618530272,9.550000190734863,9.550000190734863,9.550000190734863,-0.44556955507415696,-0.5208352994587107,-0.05000019073486506
2018-04-02,9.550000190734863,9.550000190734863,9.550000190734863,9.550000190734863,9.550000190734863,-0.5607667391560704,0.0,0.0
2018-04-03,9.649999618530272,9.649999618530272,9.630000114440918,9.630000114440918,9.630000114440918,-0.5575888858020867,0.8376955194584035,0.07999992370605469
2018-04-04,9.649999618530272,9.649999618530272,9.649999618530272,9.649999618530272,9.649999618530272,-0.5599722758175745,0.20767916772257422,0.019999504089353692
2018-04-05,9.649999618530272,9.649999618530272,9.649999618530272,9.649999618530272,9.649999618530272,-0.5607667391560704,0.0,0.0
2018-04-06,9.600000381469728,9.600000381469728,9.600000381469728,9.600000381469728,9.600000381469728,1.8226232763317944,-0.518126829399379,-0.04999923706054332
2018-04-09,9.649999618530272,9.649999618530272,9.649999618530272,9.649999618530272,9.649999618530272,-0.5544110324481027,0.5208253653515849,0.04999923706054332
2018-04-10,9.619999885559082,9.640000343322754,9.600000381469728,9.600000381469728,9.600000381469728,2.424826486911728,-0.518126829399379,-0.04999923706054332
2018-04-11,9.649999618530272,9.649999618530272,9.600000381469728,9.640000343322754,9.640000343322754,0.24164123272484409,0.4166662527455234,0.03999996185302557
2018-04-12,9.59000015258789,9.600000381469728,9.59000015258789,9.600000381469728,9.600000381469728,0.45932418747273573,-0.4149373488428587,-0.03999996185302557
2018-04-13,9.600000381469728,9.600000381469728,9.600000381469728,9.600000381469728,9.600000381469728,-0.5607667391560704,0.0,0.0
2018-04-16,9.600000381469728,9.600000381469728,9.489999771118164,9.600000381469728,9.600000381469728,-0.3478505644391545,0.0,0.0
2018-04-17,9.600000381469728,9.600000381469728,9.600000381469728,9.600000381469728,9.600000381469728,-0.5607667391560704,0.0,0.0
2018-04-18,9.600000381469728,9.600000381469728,9.600000381469728,9.600000381469728,9.600000381469728,-0.5607667391560704,0.0,0.0
2018-04-19,9.600000381469728,9.600000381469728,9.600000381469728,9.600000381469728,9.600000381469728,-0.5607667391560704,0.0,0.0
2018-04-20,9.600000381469728,9.600000381469728,9.600000381469728,9.600000381469728,9.600000381469728,-0.5607667391560704,0.0,0.0
2018-04-23,9.600000381469728,9.600000381469728,9.600000381469728,9.600000381469728,9.600000381469728,-0.5607667391560704,0.0,0.0
2018-04-24,9.550000190734863,9.600000381469728,9.550000190734863,9.600000381469728,9.600000381469728,-0.5520276424326149,0.0,0.0
2018-04-25,9.600000381469728,9.600000381469728,9.600000381469728,9.600000381469728,9.600000381469728,-0.5607667391560704,0.0,0.0
2018-04-26,9.600000381469728,9.600000381469728,9.600000381469728,9.600000381469728,9.600000381469728,-0.5607667391560704,0.0,0.0
2018-04-27,9.600000381469728,9.600000381469728,9.600000381469728,9.600000381469728,9.600000381469728,-0.5607667391560704,0.0,0.0
2018-04-30,9.600000381469728,9.619999885559082,9.600000381469728,9.619999885559082,9.619999885559082,-0.5559999591250947,0.20832815931921544,0.019999504089353692
2018-05-01,9.619999885559082,9.619999885559082,9.619999885559082,9.619999885559082,9.619999885559082,-0.5607667391560704,0.0,0.0
2018-05-02,9.600000381469728,9.600000381469728,9.600000381469728,9.600000381469728,9.600000381469728,-0.49720967207639405,-0.20789505537703867,-0.019999504089353692
2018-05-03,9.600000381469728,9.600000381469728,9.600000381469728,9.600000381469728,9.600000381469728,-0.5607667391560704,0.0,0.0
2018-05-04,9.600000381469728,9.600000381469728,9.600000381469728,9.600000381469728,9.600000381469728,-0.5607667391560704,0.0,0.0
2018-05-07,9.600000381469728,9.600000381469728,9.600000381469728,9.600000381469728,9.600000381469728,-0.5607667391560704,0.0,0.0
2018-05-08,9.600000381469728,9.619999885559082,9.600000381469728,9.619999885559082,9.619999885559082,0.2583249628332591,0.20832815931921544,0.019999504089353692
2018-05-09,9.59000015258789,9.609999656677246,9.579999923706056,9.609999656677246,9.609999656677246,1.5946122981834554,-0.10395248441580351,-0.010000228881835938
2018-05-10,9.609999656677246,9.609999656677246,9.609999656677246,9.609999656677246,9.609999656677246,-0.5607667391560704,0.0,0.0
2018-05-11,9.59000015258789,9.59000015258789,9.59000015258789,9.59000015258789,9.59000015258789,-0.5575888858020867,-0.2081113923397382,-0.01999950408935547
2018-05-14,9.59000015258789,9.59000015258789,9.59000015258789,9.59000015258789,9.59000015258789,-0.5607667391560704,0.0,0.0
2018-05-15,9.59000015258789,9.59000015258789,9.59000015258789,9.59000015258789,9.59000015258789,-0.5607667391560704,0.0,0.0
2018-05-16,9.59000015258789,9.59000015258789,9.59000015258789,9.59000015258789,9.59000015258789,-0.5607667391560704,0.0,0.0
2018-05-17,9.59000015258789,9.59000015258789,9.59000015258789,9.59000015258789,9.59000015258789,-0.5607667391560704,0.0,0.0
2018-05-18,9.59000015258789,9.59000015258789,9.59000015258789,9.59000015258789,9.59000015258789,-0.5607667391560704,0.0,0.0
2018-05-21,9.59000015258789,9.59000015258789,9.59000015258789,9.59000015258789,9.59000015258789,-0.5607667391560704,0.0,0.0
2018-05-22,9.619999885559082,9.619999885559082,9.619999885559082,9.619999885559082,9.619999885559082,2.0331560610332224,0.3128230708431934,0.029999732971191406
2018-05-23,9.619999885559082,9.649999618530272,9.619999885559082,9.649999618530272,9.649999618530272,3.0556303776775167,0.3118475397928311,0.02999973297118963
2018-05-24,9.649999618530272,9.649999618530272,9.630000114440918,9.640000343322754,9.640000343322754,-0.4400083117046853,-0.10361943629838555,-0.009999275207517755
2018-05-25,9.640000343322754,9.640000343322754,9.630000114440918,9.630000114440918,9.630000114440918,-0.532960522308712,-0.10373681043240879,-0.010000228881835938
2018-05-29,9.65999984741211,9.65999984741211,9.65999984741211,9.65999984741211,9.65999984741211,-0.5528221057711109,0.311523703163874,0.029999732971191406
2018-05-30,9.65999984741211,9.65999984741211,9.65999984741211,9.65999984741211,9.65999984741211,-0.5607667391560704,0.0,0.0
2018-05-31,9.640000343322754,9.640000343322754,9.640000343322754,9.640000343322754,9.640000343322754,-0.5599722758175745,-0.2070342070938369,-0.01999950408935547
2018-06-01,9.640000343322754,9.640000343322754,9.640000343322754,9.640000343322754,9.640000343322754,-0.5607667391560704,0.0,0.0
2018-06-04,9.640000343322754,9.640000343322754,9.640000343322754,9.640000343322754,9.640000343322754,-0.5607667391560704,0.0,0.0
2018-06-05,9.649999618530272,9.649999618530272,9.649999618530272,9.649999618530272,9.649999618530272,-0.5591778124790785,0.10372691754563235,0.009999275207517755
2018-06-06,9.654999732971191,9.654999732971191,9.654999732971191,9.654999732971191,9.654999732971191,-0.5599722758175745,0.051814659467108726,0.005000114440919745
2018-06-07,9.649999618530272,9.65999984741211,9.640000343322754,9.649999618530272,9.649999618530272,4.609600667775604,-0.05178782578154628,-0.005000114440919745
2018-06-08,9.649999618530272,9.649999618530272,9.649999618530272,9.649999618530272,9.649999618530272,-0.5607667391560704,0.0,0.0
2018-06-11,9.649999618530272,9.649999618530272,9.649999618530272,9.649999618530272,9.649999618530272,-0.5607667391560704,0.0,0.0
2018-06-12,9.649999618530272,9.649999618530272,9.649999618530272,9.649999618530272,9.649999618530272,-0.2771433273130145,0.0,0.0
2018-06-13,9.649999618530272,9.649999618530272,9.649999618530272,9.649999618530272,9.649999618530272,-0.5591778124790785,0.0,0.0
2018-06-14,9.66100025177002,9.66100025177002,9.649999618530272,9.651000022888184,9.651000022888184,-0.4304747516427338,0.010366884947754507,0.0010004043579119326
2018-06-15,9.654999732971191,9.67300033569336,9.654999732971191,9.67300033569336,9.67300033569336,-0.5385217656781837,0.22795889289193294,0.02200031280517578
2018-06-18,9.6899995803833,9.6899995803833,9.6899995803833,9.6899995803833,9.6899995803833,-0.5520276424326149,0.17573910989348018,0.016999244689941406
2018-06-19,9.6899995803833,9.6899995803833,9.6899995803833,9.6899995803833,9.6899995803833,-0.5599722758175745,0.0,0.0
2018-06-20,9.670000076293944,9.670000076293944,9.670000076293944,9.670000076293944,9.670000076293944,0.03031398468492006,-0.20639323999399606,-0.019999504089357245
2018-06-21,9.670000076293944,9.670000076293944,9.670000076293944,9.670000076293944,9.670000076293944,-0.5607667391560704,0.0,0.0
2018-06-22,9.6899995803833,9.6899995803833,9.6899995803833,9.6899995803833,9.6899995803833,-0.5591778124790785,0.2068201027049188,0.019999504089357245
2018-06-25,9.6899995803833,9.6899995803833,9.68000030517578,9.68000030517578,9.68000030517578,-0.5567944224635907,-0.1031916990766879,-0.009999275207521308
2018-06-26,9.6899995803833,9.710000038146973,9.6899995803833,9.710000038146973,9.710000038146973,-0.4574865051515963,0.3099145870393505,0.029999732971193183
2018-06-27,9.699999809265137,9.699999809265137,9.699999809265137,9.699999809265137,9.699999809265137,-0.5591778124790785,-0.10298896851234085,-0.010000228881835938
2018-06-28,9.699999809265137,9.699999809265137,9.699999809265137,9.699999809265137,9.699999809265137,-0.5591778124790785,0.0,0.0
2018-06-29,9.699999809265137,9.699999809265137,9.699999809265137,9.699999809265137,9.699999809265137,-0.5607667391560704,0.0,0.0
2018-07-02,9.710000038146973,9.710000038146973,9.699999809265137,9.699999809265137,9.699999809265137,-0.5536165691096069,0.0,0.0
2018-07-03,9.710000038146973,9.710000038146973,9.699999809265137,9.699999809265137,9.699999809265137,1.6136794183073584,0.0,0.0
2018-07-05,9.720000267028809,9.720000267028809,9.699999809265137,9.699999809265137,9.699999809265137,0.05653127485528657,0.0,0.0
2018-07-06,9.699999809265137,9.699999809265137,9.699999809265137,9.699999809265137,9.699999809265137,-0.5607667391560704,0.0,0.0
2018-07-09,9.699999809265137,9.699999809265137,9.699999809265137,9.699999809265137,9.699999809265137,-0.3550007344856181,0.0,0.0
2018-07-10,9.699999809265137,9.699999809265137,9.699999809265137,9.699999809265137,9.699999809265137,-0.5607667391560704,0.0,0.0
2018-07-11,9.699999809265137,9.699999809265137,9.699999809265137,9.699999809265137,9.699999809265137,-0.5607667391560704,0.0,0.0
2018-07-12,9.710000038146973,9.729999542236328,9.710000038146973,9.710000038146973,9.710000038146973,-0.4145854848728147,0.1030951451389095,0.010000228881835938
2018-07-13,9.710000038146973,9.710000038146973,9.710000038146973,9.710000038146973,9.710000038146973,-0.38598480468696034,0.0,0.0
2018-07-16,9.710000038146973,9.710000038146973,9.710000038146973,9.710000038146973,9.710000038146973,-0.16353506990809294,0.0,0.0
2018-07-17,9.729999542236328,9.739999771118164,9.729999542236328,9.739999771118164,9.739999771118164,-0.4749646985985073,0.3089570839684308,0.029999732971191406
2018-07-18,9.739999771118164,9.75,9.739999771118164,9.75,9.75,0.2567360361562672,0.10267175684632868,0.010000228881835938
2018-07-19,9.75,9.75,9.75,9.75,9.75,-0.5607667391560704,0.0,0.0
2018-07-20,9.770000457763672,9.770000457763672,9.770000457763672,9.770000457763672,9.770000457763672,-0.5591778124790785,0.20513290014021468,0.020000457763671875
2018-07-23,9.770000457763672,9.770000457763672,9.770000457763672,9.770000457763672,9.770000457763672,-0.5607667391560704,0.0,0.0
2018-07-24,9.770000457763672,9.770000457763672,9.770000457763672,9.770000457763672,9.770000457763672,-0.5607667391560704,0.0,0.0
2018-07-25,9.720000267028809,9.720000267028809,9.720000267028809,9.720000267028809,9.720000267028809,-0.5496442524171271,-0.51177265498622,-0.05000019073486328
2018-07-26,9.720000267028809,9.739999771118164,9.720000267028809,9.739999771118164,9.739999771118164,-0.5591778124790785,0.2057562092585119,0.01999950408935547
2018-07-27,9.739999771118164,9.739999771118164,9.739999771118164,9.739999771118164,9.739999771118164,-0.5607667391560704,0.0,0.0
2018-07-30,9.739999771118164,9.739999771118164,9.739999771118164,9.739999771118164,9.739999771118164,-0.5607667391560704,0.0,0.0
2018-07-31,9.739999771118164,9.739999771118164,9.739999771118164,9.739999771118164,9.739999771118164,-0.5607667391560704,0.0,0.0
2018-08-01,9.729999542236328,9.729999542236328,9.729999542236328,9.729999542236328,9.729999542236328,-0.5130989388463132,-0.10267175684632868,-0.010000228881835938
2018-08-02,9.729999542236328,9.729999542236328,9.729999542236328,9.729999542236328,9.729999542236328,-0.5456719357246473,0.0,0.0
2018-08-03,9.729999542236328,9.729999542236328,9.729999542236328,9.729999542236328,9.729999542236328,-0.5607667391560704,0.0,0.0
2018-08-06,9.729999542236328,9.729999542236328,9.729999542236328,9.729999542236328,9.729999542236328,-0.5583833491405825,0.0,0.0
2018-08-07,9.729999542236328,9.729999542236328,9.729999542236328,9.729999542236328,9.729999542236328,-0.40902424150334304,0.0,0.0
2018-08-08,9.739999771118164,9.739999771118164,9.739999771118164,9.739999771118164,9.739999771118164,-0.5599722758175745,0.10277728008543097,0.010000228881835938
2018-08-09,9.739999771118164,9.739999771118164,9.739999771118164,9.739999771118164,9.739999771118164,-0.5599722758175745,0.0,0.0
2018-08-10,9.729999542236328,9.729999542236328,9.729999542236328,9.729999542236328,9.729999542236328,-0.5583833491405825,-0.10267175684632868,-0.010000228881835938
2018-08-13,9.729999542236328,9.729999542236328,9.729999542236328,9.729999542236328,9.729999542236328,-0.5607667391560704,0.0,0.0
2018-08-14,9.729999542236328,9.729999542236328,9.729999542236328,9.729999542236328,9.729999542236328,-0.5607667391560704,0.0,0.0
2018-08-15,9.729999542236328,9.729999542236328,9.729999542236328,9.729999542236328,9.729999542236328,-0.5607667391560704,0.0,0.0
2018-08-16,9.729999542236328,9.729999542236328,9.729999542236328,9.729999542236328,9.729999542236328,-0.4018740714568794,0.0,0.0
2018-08-17,9.729999542236328,9.729999542236328,9.729999542236328,9.729999542236328,9.729999542236328,-0.5607667391560704,0.0,0.0
2018-08-20,9.729999542236328,9.75,9.699999809265137,9.710000038146973,9.710000038146973,0.4617075774882236,-0.20554475878997724,-0.01999950408935547
2018-08-21,9.720000267028809,9.720000267028809,9.710000038146973,9.720000267028809,9.720000267028809,2.357297103139572,0.10298896851235195,0.010000228881835938
2018-08-22,9.720000267028809,9.720000267028809,9.720000267028809,9.720000267028809,9.720000267028809,-0.5607667391560704,0.0,0.0
2018-08-23,9.720000267028809,9.720000267028809,9.720000267028809,9.720000267028809,9.720000267028809,-0.5607667391560704,0.0,0.0
2018-08-24,9.720000267028809,9.720000267028809,9.720000267028809,9.720000267028809,9.720000267028809,-0.5607667391560704,0.0,0.0
2018-08-27,9.720000267028809,9.720000267028809,9.720000267028809,9.720000267028809,9.720000267028809,-0.3510284177931383,0.0,0.0
2018-08-28,9.720000267028809,9.739999771118164,9.720000267028809,9.729999542236328,9.729999542236328,3.0580137676930046,0.10287319889730195,0.009999275207519531
2018-08-29,9.729999542236328,9.729999542236328,9.729999542236328,9.729999542236328,9.729999542236328,-0.5607667391560704,0.0,0.0
2018-08-30,9.729999542236328,9.729999542236328,9.729999542236328,9.729999542236328,9.729999542236328,-0.5607667391560704,0.0,0.0
2018-08-31,9.729999542236328,9.729999542236328,9.729999542236328,9.729999542236328,9.729999542236328,-0.5607667391560704,0.0,0.0
2018-09-04,9.720000267028809,9.729999542236328,9.699999809265137,9.720000267028809,9.720000267028809,-0.32242773760728394,-0.10276747870453518,-0.009999275207519531
2018-09-05,9.720000267028809,9.720000267028809,9.720000267028809,9.720000267028809,9.720000267028809,-0.5607667391560704,0.0,0.0
2018-09-06,9.720000267028809,9.720000267028809,9.720000267028809,9.720000267028809,9.720000267028809,-0.5607667391560704,0.0,0.0
2018-09-07,9.720000267028809,9.720000267028809,9.720000267028809,9.720000267028809,9.720000267028809,-0.5607667391560704,0.0,0.0
2018-09-10,9.720000267028809,9.720000267028809,9.720000267028809,9.720000267028809,9.720000267028809,-0.5607667391560704,0.0,0.0
2018-09-11,9.729999542236328,9.729999542236328,9.729999542236328,9.729999542236328,9.729999542236328,-0.5583833491405825,0.10287319889730195,0.009999275207519531
2018-09-12,9.720000267028809,9.720000267028809,9.720000267028809,9.720000267028809,9.720000267028809,-0.5138934021848091,-0.10276747870453518,-0.009999275207519531
2018-09-13,9.720000267028809,9.720000267028809,9.720000267028809,9.720000267028809,9.720000267028809,-0.5607667391560704,0.0,0.0
2018-09-14,9.732999801635742,9.732999801635742,9.699999809265137,9.699999809265137,9.699999809265137,-0.5567944224635907,-0.2057660207223977,-0.020000457763671875
2018-09-17,9.699999809265137,9.699999809265137,9.699999809265137,9.699999809265137,9.699999809265137,-0.5607667391560704,0.0,0.0
2018-09-18,9.699999809265137,9.699999809265137,9.699999809265137,9.699999809265137,9.699999809265137,-0.5607667391560704,0.0,0.0
2018-09-19,9.729999542236328,9.739999771118164,9.729999542236328,9.729999542236328,9.729999542236328,1.8265955930242743,0.3092756037225586,0.029999732971191406
2018-09-20,9.729999542236328,9.729999542236328,9.729999542236328,9.729999542236328,9.729999542236328,-0.5607667391560704,0.0,0.0
2018-09-21,9.729999542236328,9.729999542236328,9.729999542236328,9.729999542236328,9.729999542236328,-0.5607667391560704,0.0,0.0
2018-09-24,9.729999542236328,9.729999542236328,9.729999542236328,9.729999542236328,9.729999542236328,-0.5607667391560704,0.0,0.0
2018-09-25,9.720000267028809,9.720000267028809,9.720000267028809,9.720000267028809,9.720000267028809,-0.5464663990631432,-0.10276747870453518,-0.009999275207519531
2018-09-26,9.720000267028809,9.720000267028809,9.720000267028809,9.720000267028809,9.720000267028809,-0.5464663990631432,0.0,0.0
2018-09-27,9.720000267028809,9.720000267028809,9.720000267028809,9.720000267028809,9.720000267028809,-0.5464663990631432,0.0,0.0
2018-09-28,9.720000267028809,9.720000267028809,9.720000267028809,9.720000267028809,9.720000267028809,-0.5607667391560704,0.0,0.0
2018-10-01,9.720000267028809,9.720000267028809,9.720000267028809,9.720000267028809,9.720000267028809,-0.5464663990631432,0.0,0.0
2018-10-02,9.720000267028809,9.720000267028809,9.720000267028809,9.720000267028809,9.720000267028809,-0.5464663990631432,0.0,0.0
2018-10-03,9.720000267028809,9.720000267028809,9.720000267028809,9.720000267028809,9.720000267028809,-0.48132040530647496,0.0,0.0
2018-10-04,9.720000267028809,9.720000267028809,9.720000267028809,9.720000267028809,9.720000267028809,-0.5059487687998495,0.0,0.0
2018-10-05,9.720000267028809,9.720000267028809,9.720000267028809,9.720000267028809,9.720000267028809,-0.5607667391560704,0.0,0.0
2018-10-08,9.720000267028809,9.720000267028809,9.720000267028809,9.720000267028809,9.720000267028809,-0.5607667391560704,0.0,0.0
2018-10-09,9.720000267028809,9.720000267028809,9.720000267028809,9.720000267028809,9.720000267028809,-0.5607667391560704,0.0,0.0
2018-10-10,9.720000267028809,9.720000267028809,9.720000267028809,9.720000267028809,9.720000267028809,-0.5607667391560704,0.0,0.0
2018-10-11,9.720000267028809,9.720000267028809,9.720000267028809,9.720000267028809,9.720000267028809,-0.5607667391560704,0.0,0.0
2018-10-12,9.739999771118164,9.739999771118164,9.720000267028809,9.720000267028809,9.720000267028809,-0.5520276424326149,0.0,0.0
2018-10-15,9.720000267028809,9.720000267028809,9.720000267028809,9.720000267028809,9.720000267028809,-0.12698975633727902,0.0,0.0
2018-10-16,9.734999656677246,9.734999656677246,9.734999656677246,9.734999656677246,9.734999656677246,-0.5599722758175745,0.15431470407791803,0.0149993896484375
2018-10-17,9.734999656677246,9.734999656677246,9.734999656677246,9.734999656677246,9.734999656677246,-0.5607667391560704,0.0,0.0
2018-10-18,9.734999656677246,9.734999656677246,9.734999656677246,9.734999656677246,9.734999656677246,-0.5607667391560704,0.0,0.0
2018-10-19,9.734999656677246,9.734999656677246,9.734999656677246,9.734999656677246,9.734999656677246,-0.5607667391560704,0.0,0.0
2018-10-22,9.734999656677246,9.734999656677246,9.734999656677246,9.734999656677246,9.734999656677246,-0.5607667391560704,0.0,0.0
2018-10-23,9.734999656677246,9.734999656677246,9.734999656677246,9.734999656677246,9.734999656677246,-0.5607667391560704,0.0,0.0
2018-10-24,9.734999656677246,9.734999656677246,9.734999656677246,9.734999656677246,9.734999656677246,-0.5607667391560704,0.0,0.0
2018-10-25,9.734999656677246,9.734999656677246,9.734999656677246,9.734999656677246,9.734999656677246,-0.5607667391560704,0.0,0.0
2018-10-26,9.729999542236328,9.729999542236328,9.729999542236328,9.729999542236328,9.729999542236328,-0.48132040530647496,-0.051362245683161944,-0.005000114440917969
2018-10-29,9.729999542236328,9.729999542236328,9.729999542236328,9.729999542236328,9.729999542236328,-0.5607667391560704,0.0,0.0
2018-10-30,9.720000267028809,9.729999542236328,9.720000267028809,9.729999542236328,9.729999542236328,-0.40981870484183897,0.0,0.0
2018-10-31,9.720000267028809,9.729999542236328,9.720000267028809,9.720000267028809,9.720000267028809,-0.5448774723861514,-0.10276747870453518,-0.009999275207519531
2018-11-01,9.720000267028809,9.720000267028809,9.720000267028809,9.720000267028809,9.720000267028809,-0.5552054957865987,0.0,0.0
2018-11-02,9.720000267028809,9.720000267028809,9.720000267028809,9.720000267028809,9.720000267028809,-0.5607667391560704,0.0,0.0
2018-11-05,9.729999542236328,9.729999542236328,9.729999542236328,9.729999542236328,9.729999542236328,-0.3621509045320817,0.10287319889730195,0.009999275207519531
2018-11-06,9.739999771118164,9.75,9.739999771118164,9.75,9.75,-0.5409051556936716,0.20555456017088414,0.020000457763671875
2018-11-07,9.75,9.75,9.75,9.75,9.75,-0.5599722758175745,0.0,0.0
2018-11-08,9.75,9.75,9.75,9.75,9.75,-0.5599722758175745,0.0,0.0
2018-11-09,9.75,9.75,9.75,9.75,9.75,-0.5599722758175745,0.0,0.0
2018-11-12,9.75,9.75,9.75,9.75,9.75,-0.4257079716117581,0.0,0.0
2018-11-13,9.75,9.75,9.75,9.75,9.75,-0.5528221057711109,0.0,0.0
2018-11-14,9.75,9.75,9.75,9.75,9.75,-0.5607667391560704,0.0,0.0
2018-11-15,9.75,9.75,9.75,9.75,9.75,-0.5607667391560704,0.0,0.0
2018-11-16,9.75,9.75,9.729999542236328,9.729999542236328,9.729999542236328,-0.5496442524171271,-0.20513290014022578,-0.020000457763671875
2018-11-19,9.729999542236328,9.729999542236328,9.729999542236328,9.729999542236328,9.729999542236328,-0.5607667391560704,0.0,0.0
2018-11-20,9.729999542236328,9.729999542236328,9.729999542236328,9.729999542236328,9.729999542236328,-0.5607667391560704,0.0,0.0
2018-11-21,9.75,9.75,9.75,9.75,9.75,-0.5488497890786311,0.20555456017088414,0.020000457763671875
2018-11-23,9.75,9.75,9.75,9.75,9.75,-0.5607667391560704,0.0,0.0
2018-11-26,9.75,9.75,9.75,9.75,9.75,-0.5607667391560704,0.0,0.0
2018-11-27,9.75,9.75,9.75,9.75,9.75,-0.5448774723861514,0.0,0.0
2018-11-28,9.75,9.75,9.75,9.75,9.75,-0.5607667391560704,0.0,0.0
2018-11-29,9.75,9.75,9.75,9.75,9.75,-0.5607667391560704,0.0,0.0
2018-11-30,9.739999771118164,9.770000457763672,9.739999771118164,9.770000457763672,9.770000457763672,-0.5345494489857039,0.20513290014021468,0.020000457763671875
2018-12-03,9.770000457763672,9.770000457763672,9.770000457763672,9.770000457763672,9.770000457763672,-0.5607667391560704,0.0,0.0
2018-12-04,9.779999732971191,9.779999732971191,9.779999732971191,9.779999732971191,9.779999732971191,-0.5599722758175745,0.10234672199604944,0.009999275207519531
2018-12-06,9.779999732971191,9.779999732971191,9.758999824523926,9.758999824523926,9.758999824523926,-0.5567944224635907,-0.21472299612104173,-0.020999908447265625
2018-12-07,9.779999732971191,9.779999732971191,9.779999732971191,9.779999732971191,9.779999732971191,-0.5242214255852565,0.21518504790309922,0.020999908447265625
2018-12-10,9.789999961853027,9.8100004196167,9.789999961853027,9.8100004196167,9.8100004196167,-0.5210435722312727,0.3067554955483942,0.030000686645507812
2018-12-11,9.8100004196167,9.8100004196167,9.8100004196167,9.8100004196167,9.8100004196167,-0.5591778124790785,0.0,0.0
2018-12-12,9.8100004196167,9.8100004196167,9.8100004196167,9.8100004196167,9.8100004196167,-0.5607667391560704,0.0,0.0
2018-12-14,10.069000244140623,10.06999969482422,10.029999732971191,10.06999969482422,10.06999969482422,-0.22868106366476126,2.6503492771275505,0.2599992752075213
2018-12-17,10.079999923706056,10.079999923706056,10.0600004196167,10.0600004196167,10.0600004196167,-0.5567944224635907,-0.0992976714056959,-0.009999275207521308
2018-12-18,10.050000190734863,10.06999969482422,10.039999961853027,10.06999969482422,10.06999969482422,-0.479731478629483,0.09939636968625543,0.009999275207521308
2018-12-19,10.06999969482422,10.06999969482422,10.0600004196167,10.0600004196167,10.0600004196167,-0.5552054957865987,-0.0992976714056959,-0.009999275207521308
2018-12-20,10.0,10.0600004196167,10.0,10.0600004196167,10.0600004196167,-0.4900595020299304,0.0,0.0
2018-12-21,10.0600004196167,10.0600004196167,10.0600004196167,10.0600004196167,10.0600004196167,0.45773526079574384,0.0,0.0
2018-12-24,10.0600004196167,10.0600004196167,10.0600004196167,10.0600004196167,10.0600004196167,-0.5607667391560704,0.0,0.0
2018-12-26,10.0,10.050000190734863,10.0,10.050000190734863,10.050000190734863,-0.5559999591250947,-0.09940584954982734,-0.010000228881835938
2018-12-27,9.949999809265137,10.050000190734863,9.802000045776367,10.050000190734863,10.050000190734863,-0.32957790765374756,0.0,0.0
2018-12-28,10.050000190734863,10.050000190734863,10.050000190734863,10.050000190734863,10.050000190734863,-0.5599722758175745,0.0,0.0
2018-12-31,10.029999732971191,10.029999732971191,10.029999732971191,10.029999732971191,10.029999732971191,-0.5583833491405825,-0.199009526209859,-0.020000457763671875
2019-01-02,10.029999732971191,10.029999732971191,10.029999732971191,10.029999732971191,10.029999732971191,-0.5599722758175745,0.0,0.0
2019-01-03,10.029999732971191,10.029999732971191,10.029999732971191,10.029999732971191,10.029999732971191,-0.5599722758175745,0.0,0.0
2019-01-04,10.029999732971191,10.029999732971191,10.029999732971191,10.029999732971191,10.029999732971191,-0.5607667391560704,0.0,0.0
2019-01-07,10.029999732971191,10.039999961853027,10.029999732971191,10.029999732971191,10.029999732971191,-0.321633274268788,0.0,0.0
2019-01-08,10.0,10.0600004196167,10.0,10.0600004196167,10.0600004196167,0.21939625924695735,0.29910954580474325,0.030000686645507812
2019-01-09,10.039999961853027,10.039999961853027,10.039999961853027,10.039999961853027,10.039999961853027,0.31473185986647195,-0.19881169909965468,-0.020000457763671875
2019-01-10,10.079999923706056,10.079999923706056,10.079999923706056,10.079999923706056,10.079999923706056,-0.5591778124790785,0.3984059960658204,0.03999996185302912
2019-01-11,10.079999923706056,10.079999923706056,10.079999923706056,10.079999923706056,10.079999923706056,-0.5607667391560704,0.0,0.0
2019-01-14,10.079999923706056,10.079999923706056,10.079999923706056,10.079999923706056,10.079999923706056,-0.5607667391560704,0.0,0.0
2019-01-15,10.053000450134276,10.09000015258789,10.029999732971191,10.039999961853027,10.039999961853027,-0.5464663990631432,-0.3968250213867264,-0.03999996185302912
2019-01-16,10.0600004196167,10.0600004196167,10.0600004196167,10.0600004196167,10.0600004196167,-0.16353506990809294,0.1992077474070042,0.020000457763671875
2019-01-17,10.0600004196167,10.0600004196167,10.0600004196167,10.0600004196167,10.0600004196167,0.2575304994947632,0.0,0.0
2019-01-18,10.0600004196167,10.0600004196167,10.050000190734863,10.0600004196167,10.0600004196167,0.30202044645053666,0.0,0.0
2019-01-22,10.0600004196167,10.0600004196167,10.0600004196167,10.0600004196167,10.0600004196167,0.472035600888671,0.0,0.0
2019-01-23,10.0600004196167,10.0600004196167,10.0600004196167,10.0600004196167,10.0600004196167,0.9089904370614462,0.0,0.0
2019-01-24,10.0600004196167,10.0600004196167,10.0600004196167,10.0600004196167,10.0600004196167,-0.5599722758175745,0.0,0.0
2019-01-25,10.0600004196167,10.0600004196167,10.0600004196167,10.0600004196167,10.0600004196167,-0.5599722758175745,0.0,0.0
2019-01-28,10.0600004196167,10.0600004196167,10.0600004196167,10.0600004196167,10.0600004196167,-0.5599722758175745,0.0,0.0
2019-01-30,10.079999923706056,10.079999923706056,10.079999923706056,10.079999923706056,10.079999923706056,-0.5528221057711109,0.19880221923609387,0.019999504089357245
2019-01-31,10.06999969482422,10.09000015258789,10.06999969482422,10.09000015258789,10.09000015258789,0.5125532311519647,0.09920862061036928,0.010000228881834161
2019-02-01,10.09000015258789,10.09000015258789,10.09000015258789,10.09000015258789,10.09000015258789,-0.5607667391560704,0.0,0.0
2019-02-04,10.097000122070312,10.097000122070312,10.097000122070312,10.097000122070312,10.097000122070312,-0.5528221057711109,0.06937531592232649,0.006999969482421875
2019-02-05,10.06999969482422,10.06999969482422,10.06999969482422,10.06999969482422,10.06999969482422,-0.3621509045320817,-0.2674103884288681,-0.027000427246091974
2019-02-06,10.06999969482422,10.06999969482422,10.06999969482422,10.06999969482422,10.06999969482422,-0.5599722758175745,0.0,0.0
2019-02-07,10.079999923706056,10.079999923706056,10.079999923706056,10.079999923706056,10.079999923706056,-0.5075376954768415,0.09930714185597544,0.010000228881835938
2019-02-08,10.079999923706056,10.079999923706056,10.079999923706056,10.079999923706056,10.079999923706056,-0.4145854848728147,0.0,0.0
2019-02-11,10.079999923706056,10.079999923706056,10.079999923706056,10.079999923706056,10.079999923706056,-0.5607667391560704,0.0,0.0
2019-02-12,10.09000015258789,10.130000114440918,10.09000015258789,10.100000381469728,10.100000381469728,4.087638254383762,0.19841724122076076,0.020000457763671875
2019-02-13,10.109999656677246,10.109999656677246,10.109999656677246,10.109999656677246,10.109999656677246,0.23369659933988454,0.09900272108764874,0.009999275207517755
2019-02-14,10.109999656677246,10.109999656677246,10.109999656677246,10.109999656677246,10.109999656677246,-0.5607667391560704,0.0,0.0
2019-02-15,10.149999618530272,10.149999618530272,10.149999618530272,10.149999618530272,10.149999618530272,-0.444775091735661,0.39564750950913385,0.03999996185302557
2019-02-19,10.149999618530272,10.149999618530272,10.149999618530272,10.149999618530272,10.149999618530272,-0.5297826689547281,0.0,0.0
2019-02-20,10.149999618530272,10.149999618530272,10.119999885559082,10.119999885559082,10.119999885559082,5.361957449331274,-0.2955638827455753,-0.02999973297118963
2019-02-21,10.130000114440918,10.130000114440918,10.130000114440918,10.130000114440918,10.130000114440918,0.7302361858998564,0.09881649204468435,0.010000228881835938
2019-02-22,10.149999618530272,10.149999618530272,10.140000343322754,10.149999618530272,10.149999618530272,-0.2731710106205347,0.1974284685430927,0.019999504089353692
2019-02-25,10.18000030517578,10.18000030517578,10.18000030517578,10.18000030517578,10.18000030517578,-0.5559999591250947,0.2955732785520304,0.030000686645507812
2019-02-26,10.133000373840332,10.18000030517578,10.130000114440918,10.15999984741211,10.15999984741211,2.7688291124804767,-0.1964681450304262,-0.0200004577636701
2019-02-27,10.15999984741211,10.15999984741211,10.15999984741211,10.15999984741211,10.15999984741211,-0.5599722758175745,0.0,0.0
2019-02-28,10.15999984741211,10.15999984741211,10.15999984741211,10.15999984741211,10.15999984741211,-0.5607667391560704,0.0,0.0
2019-03-01,10.079999923706056,10.18000030517578,10.079999923706056,10.18000030517578,10.18000030517578,-0.38042356131748867,0.1968549022051791,0.0200004577636701
2019-03-04,10.149999618530272,10.149999618530272,10.149999618530272,10.149999618530272,10.149999618530272,-0.5591778124790785,-0.2947022175456615,-0.030000686645507812
2019-03-05,10.149999618530272,10.15999984741211,10.149999618530272,10.15999984741211,10.15999984741211,0.23846337937086026,0.09852442618403234,0.010000228881837714
2019-03-06,10.140000343322754,10.140000343322754,10.100000381469728,10.140000343322754,10.140000343322754,-0.5289882056162323,-0.19684551564682629,-0.01999950408935547
2019-03-07,10.1899995803833,10.1899995803833,10.130000114440918,10.130000114440918,10.130000114440918,-0.5520276424326149,-0.09862158326672255,-0.010000228881835938
2019-03-08,10.149999618530272,10.1899995803833,10.149999618530272,10.1899995803833,10.1899995803833,5.767133751964211,0.5922948199857281,0.05999946594238281
2019-03-11,10.140000343322754,10.199999809265137,10.140000343322754,10.149999618530272,10.149999618530272,3.2478905055935376,-0.3925413493640617,-0.03999996185302912
2019-03-12,10.170000076293944,10.1899995803833,10.15999984741211,10.15999984741211,10.15999984741211,3.8810777863748136,0.09852442618403234,0.010000228881837714
2019-03-13,10.1899995803833,10.1899995803833,10.15999984741211,10.15999984741211,10.15999984741211,0.26626959621821866,0.0,0.0
2019-03-14,10.15999984741211,10.1899995803833,10.15999984741211,10.170000076293944,10.170000076293944,0.25117479278679555,0.09842745110257844,0.010000228881834161
2019-03-15,10.1899995803833,10.1899995803833,10.15999984741211,10.15999984741211,10.15999984741211,-0.5123044755078172,-0.0983306667336703,-0.010000228881834161
2019-03-18,10.170000076293944,10.170000076293944,10.170000076293944,10.170000076293944,10.170000076293944,-0.550438715755623,0.09842745110257844,0.010000228881834161
2019-03-19,10.130000114440918,10.18000030517578,10.119999885559082,10.15999984741211,10.15999984741211,4.0201088706116055,-0.0983306667336703,-0.010000228881834161
2019-03-20,10.15999984741211,10.15999984741211,10.15999984741211,10.15999984741211,10.15999984741211,-0.5607667391560704,0.0,0.0
2019-03-21,10.18000030517578,10.199999809265137,10.15999984741211,10.199999809265137,10.199999809265137,0.39576712039305934,0.3937004178520276,0.039999961853027344
2019-03-22,10.130000114440918,10.199999809265137,10.130000114440918,10.18000030517578,10.18000030517578,1.0575550813601897,-0.19607357316997476,-0.019999504089357245
2019-03-25,10.18000030517578,10.1899995803833,10.15999984741211,10.1899995803833,10.1899995803833,-0.5067432321383455,0.09822470439846409,0.009999275207521308
2019-03-26,10.18000030517578,10.18000030517578,10.130000114440918,10.130000114440918,10.130000114440918,-0.532960522308712,-0.5888073445840747,-0.05999946594238281
2019-03-27,10.18000030517578,10.199999809265137,10.15999984741211,10.1899995803833,10.1899995803833,0.38305570697712404,0.5922948199857281,0.05999946594238281
2019-03-28,10.1899995803833,10.260000228881836,10.18000030517578,10.210000038146973,10.210000038146973,5.944299076448809,0.19627535414401542,0.020000457763671875
2019-03-29,10.25,10.25,10.199999809265137,10.25,10.25,-0.5027709154458657,0.3917723967049813,0.039999961853027344
2019-04-01,10.239999771118164,10.270000457763672,10.199999809265137,10.199999809265137,10.199999809265137,-0.3025661541448851,-0.4878067388767171,-0.05000019073486328
2019-04-02,10.239999771118164,10.25,10.239999771118164,10.239999771118164,10.239999771118164,-0.5266048156007443,0.39215649608830283,0.039999961853027344
2019-04-04,10.25,10.270000457763672,10.229999542236328,10.25,10.25,1.9076308535508617,0.09765848735701077,0.010000228881835938
2019-04-05,10.270000457763672,10.350000381469728,10.229999542236328,10.229999542236328,10.229999542236328,0.30917061649700023,-0.1951264172065592,-0.020000457763671875
2019-04-08,10.279999732971191,10.279999732971191,10.229999542236328,10.239999771118164,10.239999771118164,3.529130527421106,0.09775395238824647,0.010000228881835938
2019-04-09,10.229999542236328,10.25,10.229999542236328,10.239999771118164,10.239999771118164,3.8667774462818865,0.0,0.0
2019-04-10,10.260000228881836,10.260000228881836,10.220000267028809,10.220000267028809,10.220000267028809,-0.5099210854923293,-0.19530766148807555,-0.01999950408935547
2019-04-15,10.270000457763672,10.270000457763672,10.239999771118164,10.25,10.25,-0.3001827641293972,0.2935394538880365,0.029999732971191406
2019-04-16,10.270000457763672,10.270000457763672,10.239999771118164,10.239999771118164,10.239999771118164,-0.2628429872200873,-0.0975632086032796,-0.010000228881835938
2019-04-17,10.25,10.279999732971191,10.239999771118164,10.25,10.25,0.9892312342495377,0.09765848735701077,0.010000228881835938
2019-04-18,10.25,10.279999732971191,10.239999771118164,10.260000228881836,10.260000228881836,0.5808770782626168,0.0975632086032796,0.010000228881835938
2019-04-22,10.210000038146973,10.3100004196167,10.210000038146973,10.260000228881836,10.260000228881836,0.5451262280302989,0.0,0.0
2019-04-23,10.34000015258789,10.34000015258789,10.260000228881836,10.289999961853027,10.289999961853027,0.7945877163180287,0.29239505167595325,0.029999732971191406
2019-04-24,10.279999732971191,10.350000381469728,10.239999771118164,10.300000190734863,10.300000190734863,5.473976780059203,0.09718395450835082,0.010000228881835938
2019-04-25,10.300000190734863,10.300000190734863,10.300000190734863,10.300000190734863,10.300000190734863,-0.479731478629483,0.0,0.0
2019-04-26,10.350000381469728,10.350000381469728,10.239999771118164,10.289999961853027,10.289999961853027,-0.48688164867594663,-0.09708959899662473,-0.010000228881835938
2019-04-29,10.300000190734863,10.300000190734863,10.25,10.279999732971191,10.279999732971191,-0.12778421967577497,-0.09718395450833972,-0.010000228881835938
2019-04-30,10.279999732971191,10.279999732971191,10.25,10.279999732971191,10.279999732971191,-0.3248111276227718,0.0,0.0
2019-05-01,10.350000381469728,10.350000381469728,10.260000228881836,10.279999732971191,10.279999732971191,1.4547867506081673,0.0,0.0
2019-05-02,10.279999732971191,10.279999732971191,10.260000228881836,10.270000457763672,10.270000457763672,0.38861695034659577,-0.09726921660755394,-0.009999275207519531
2019-05-03,10.270000457763672,10.270000457763672,10.18000030517578,10.270000457763672,10.270000457763672,2.574185594548968,0.0,0.0
2019-05-06,10.100000381469728,10.270000457763672,10.100000381469728,10.270000457763672,10.270000457763672,-0.5456719357246473,0.0,0.0
2019-05-07,10.229999542236328,10.260000228881836,10.229999542236328,10.25,10.25,-0.19531360344793114,-0.19474641550334404,-0.020000457763671875
2019-05-08,10.229999542236328,10.270000457763672,10.18000030517578,10.239999771118164,10.239999771118164,0.7508922327007512,-0.0975632086032796,-0.010000228881835938
2019-05-09,10.220000267028809,10.25,10.220000267028809,10.220000267028809,10.220000267028809,1.1322346351788095,-0.19530766148807555,-0.01999950408935547
2019-05-10,10.220000267028809,10.239999771118164,10.170000076293944,10.199999809265137,10.199999809265137,-0.4026685347953754,-0.19569919022601745,-0.020000457763671875
2019-05-13,10.170000076293944,10.220000267028809,10.119999885559082,10.1899995803833,10.1899995803833,-0.10474478285939229,-0.09804146145916404,-0.010000228881835938
2019-05-14,10.199999809265137,10.199999809265137,10.130000114440918,10.199999809265137,10.199999809265137,0.7278527958843685,0.09813767707200771,0.010000228881835938
2019-05-15,10.199999809265137,10.270000457763672,10.199999809265137,10.25,10.25,3.325747912766141,0.49019795754747797,0.05000019073486328
2019-05-16,10.229999542236328,10.289999961853027,10.1899995803833,10.220000267028809,10.220000267028809,3.611754714624685,-0.2926803216701579,-0.029999732971191406
2019-05-17,10.170000076293944,10.25,10.170000076293944,10.220000267028809,10.220000267028809,-0.516276792200297,0.0,0.0
2019-05-20,10.15999984741211,10.229999542236328,10.15999984741211,10.229999542236328,10.229999542236328,-0.19054682341695542,0.09784026366201903,0.009999275207519531
2019-05-22,10.220000267028809,10.25,10.170000076293944,10.170000076293944,10.170000076293944,2.942816583611091,-0.5865050696695184,-0.05999946594238459
2019-05-23,10.130000114440918,10.220000267028809,10.130000114440918,10.15999984741211,10.15999984741211,-0.17545201998553228,-0.0983306667336703,-0.010000228881834161
2019-05-24,10.270000457763672,10.270000457763672,10.130000114440918,10.130000114440918,10.130000114440918,0.0017133044990656804,-0.29527296674942693,-0.029999732971191406
2019-05-28,10.010000228881836,10.15999984741211,10.010000228881836,10.100000381469728,10.100000381469728,0.753275622716239,-0.29614740999285294,-0.02999973297118963
2019-05-29,10.149999618530272,10.149999618530272,10.100000381469728,10.100000381469728,10.100000381469728,-0.48847057535293853,0.0,0.0
2019-05-30,10.100000381469728,10.100000381469728,9.949999809265137,10.0,10.0,1.1846692155195426,-0.9901027494335302,-0.10000038146972834
2019-05-31,9.880000114440918,9.949999809265137,9.880000114440918,9.880000114440918,9.880000114440918,-0.4749646985985073,-1.1999988555908225,-0.11999988555908203
2019-06-03,9.850000381469728,9.850000381469728,9.800000190734863,9.800000190734863,9.800000190734863,-0.48529272199895473,-0.8097158176053498,-0.07999992370605469
2019-06-04,9.800000190734863,9.800000190734863,9.725000381469728,9.725000381469728,9.725000381469728,-0.34864502777765044,-0.7653041612799338,-0.07499980926513494
2019-06-05,9.800000190734863,9.800000190734863,9.510000228881836,9.619999885559082,9.619999885559082,-0.18657450672447565,-1.079696573695943,-0.10500049591064631
2019-06-06,9.65999984741211,9.65999984741211,9.100000381469728,9.329999923706056,9.329999923706056,0.5061975244439971,-3.014552653876379,-0.28999996185302557
2019-06-07,9.279999732971191,9.449999809265137,9.18000030517578,9.399999618530272,9.399999618530272,0.02872505800792815,0.750264688066693,0.0699996948242152
2019-06-10,9.420000076293944,9.744999885559082,9.420000076293944,9.699999809265137,9.699999809265137,1.0154485244199043,3.191491520313172,0.30000019073486506
2019-06-11,9.699999809265137,9.699999809265137,9.5,9.539999961853027,9.539999961853027,-0.06502161593459453,-1.6494829954458612,-0.15999984741210938
2019-06-12,9.43000030517578,9.699999809265137,9.420000076293944,9.65999984741211,9.65999984741211,0.4132453138399704,1.2578604406595195,0.11999988555908203
2019-06-13,9.539999961853027,9.970000267028809,9.520000457763672,9.789999961853027,9.789999961853027,0.41960102054793796,1.3457568995277391,0.13000011444091797
2019-06-14,9.770000457763672,9.979999542236328,9.720000267028809,9.9399995803833,9.9399995803833,-0.02847630236378061,1.5321717989249306,0.14999961853027344
2019-06-17,9.899999618530272,9.899999618530272,9.5600004196167,9.630000114440918,9.630000114440918,0.14233331541284971,-3.118707032484891,-0.3099994659423828
2019-06-18,9.619999885559082,9.880000114440918,9.600000381469728,9.699999809265137,9.699999809265137,0.9677807241101469,0.7268919417690256,0.06999969482421875
2019-06-19,9.65999984741211,9.859999656677246,9.300000190734863,9.300000190734863,9.300000190734863,1.1123730517164108,-4.123707488614647,-0.39999961853027344
2019-06-20,9.369999885559082,9.869999885559082,9.350000381469728,9.489999771118164,9.489999771118164,1.9235201203207808,2.043006198780395,0.18999958038330078
2019-06-21,9.489999771118164,9.770000457763672,9.25,9.350000381469728,9.350000381469728,0.9193184604618937,-1.4752306957320438,-0.13999938964843572
2019-06-24,9.380000114440918,9.512999534606934,8.9399995803833,8.979999542236328,8.979999542236328,1.5795174947520323,-3.9572280656446357,-0.3700008392334002
2019-06-25,9.0,9.09000015258789,8.670000076293945,8.729999542236328,8.729999542236328,1.4547867506081673,-2.7839645071712438,-0.25
2019-06-26,8.760000228881836,8.760000228881836,8.510000228881836,8.579999923706055,8.579999923706055,0.2273408926319169,-1.7182087788729539,-0.14999961853027344
2019-06-27,8.670000076293945,8.9399995803833,8.569999694824219,8.699999809265137,8.699999809265137,-0.021326132317317014,1.3986000772276075,0.11999988555908203
2019-06-28,8.65999984741211,8.970000267028809,8.65999984741211,8.850000381469727,8.850000381469727,-0.3764512446250089,1.7241445458981097,0.15000057220458984
2019-07-01,8.850000381469727,9.399999618530272,8.850000381469727,9.359999656677246,9.359999656677246,-0.2596651338661035,5.7627034262661025,0.5099992752075195
2019-07-02,9.279999732971191,9.359999656677246,8.944999694824219,8.989999771118164,8.989999771118164,-0.20881948020236238,-3.9529903753268925,-0.36999988555908203
2019-07-03,9.109999656677246,9.109999656677246,8.770000457763672,8.819999694824219,8.819999694824219,-0.2985938374524053,-1.89099088567386,-0.1700000762939453
2019-07-05,8.90999984741211,9.220000267028809,8.805000305175781,9.050000190734863,9.050000190734863,-0.0014645488549181393,2.607715463364624,0.23000049591064453
2019-07-08,9.029999732971191,9.050000190734863,8.859999656677246,8.960000038146973,8.960000038146973,-0.14049563309171026,-0.9944768032163154,-0.09000015258789062
2019-07-09,8.9399995803833,9.09000015258789,8.800000190734863,8.850000381469727,8.850000381469727,0.8978679503225029,-1.2276747344746153,-0.1099996566772461
2019-07-10,9.09000015258789,9.279999732971191,8.949999809265137,9.010000228881836,9.010000228881836,-0.197696993463419,1.8079078024348938,0.15999984741210938
2019-07-11,9.020000457763672,9.239999771118164,8.760000228881836,8.829999923706055,8.829999923706055,-0.14367348644569408,-1.9977835805018551,-0.18000030517578125
2019-07-12,9.020000457763672,9.020000457763672,8.78499984741211,8.819999694824219,8.819999694824219,-0.41776333822679856,-0.11325287619752267,-0.010000228881835938
2019-07-15,9.010000228881836,9.010000228881836,8.5,8.710000038146973,8.710000038146973,0.5991497350480238,-1.2471616834839216,-0.1099996566772461
2019-07-16,8.699999809265137,8.710000038146973,7.860000133514404,8.210000038146973,8.210000038146973,0.5284424979218838,-5.740528103446185,-0.5
2019-07-17,8.34000015258789,8.359999656677246,8.09000015258789,8.289999961853027,8.289999961853027,0.3457159300678142,0.9744205034633691,0.07999992370605469
2019-07-18,8.34000015258789,8.350000381469727,8.109999656677246,8.109999656677246,8.109999656677246,0.07003715160971781,-2.1712944029440795,-0.18000030517578125
2019-07-19,8.119999885559082,8.210000038146973,7.760000228881836,7.96999979019165,7.96999979019165,0.16696167890622432,-1.7262622985480536,-0.1399998664855957
2019-07-22,7.78000020980835,8.050000190734863,7.75,7.769999980926514,7.769999980926514,-0.21358626023333813,-2.5094079614816134,-0.19999980926513672
2019-07-23,7.789999961853027,7.909999847412109,7.599999904632568,7.690000057220459,7.690000057220459,-0.12698975633727902,-1.0296000502243885,-0.07999992370605469
2019-07-24,7.690000057220459,7.760000228881836,7.159999847412109,7.199999809265137,7.199999809265137,-0.11427834292134374,-6.371914750445818,-0.49000024795532227
2019-07-25,7.179999828338623,7.179999828338623,6.826000213623047,6.860000133514404,6.860000133514404,-0.2882658140519579,-4.722217843856225,-0.3399996757507324
2019-07-26,7.03000020980835,7.289999961853027,6.945000171661377,7.190000057220459,7.190000057220459,0.32823773662090316,4.810494421040112,0.3299999237060547
2019-07-29,7.369999885559082,7.409999847412109,6.889999866485596,6.960000038146973,6.960000038146973,-0.2247087469722815,-3.1988875833528274,-0.23000001907348633
2019-07-30,6.75,6.75,6.519999980926514,6.590000152587891,6.590000152587891,0.018397034607480735,-5.316090280620034,-0.36999988555908203
2019-07-31,6.590000152587891,6.820000171661377,6.46999979019165,6.539999961853027,6.539999961853027,0.04779217813183107,-0.7587282181659494,-0.05000019073486328
2019-08-01,6.610000133514404,6.71999979019165,6.5,6.679999828338623,6.679999828338623,-0.4129965581958228,2.140670753856222,0.1399998664855957
2019-08-02,6.679999828338623,6.739999771118164,6.460000038146973,6.539999961853027,6.539999961853027,-0.42253011825777426,-2.0958064383725383,-0.1399998664855957
2019-08-05,6.460000038146973,6.539999961853027,6.369999885559082,6.46999979019165,6.46999979019165,-0.5377273023396877,-1.0703390224721554,-0.07000017166137695
2019-08-06,6.460000038146973,6.579999923706055,6.34499979019165,6.349999904632568,6.349999904632568,-0.5305771322932241,-1.8547123562662082,-0.11999988555908203
2019-08-07,6.28000020980835,6.28000020980835,5.050000190734863,5.050000190734863,5.050000190734863,0.33221005331338294,-20.472436746799094,-1.299999713897705
2019-08-08,5.010000228881836,5.369999885559082,5.010000228881836,5.190000057220459,5.190000057220459,-0.34626163776216257,2.77227447916637,0.1399998664855957
2019-08-09,5.136000156402588,5.239999771118164,4.5,5.039999961853027,5.039999961853027,0.31790971322045575,-2.890175216062818,-0.15000009536743164
2019-08-12,5.0,5.139999866485596,4.889999866485596,5.005000114440918,5.005000114440918,-0.36850661124004935,-0.6944414221630502,-0.034999847412109375
2019-08-13,5.25,5.25,4.860000133514404,4.880000114440918,4.880000114440918,-0.2890602773904538,-2.497502440396304,-0.125
2019-08-14,4.789999961853027,4.789999961853027,4.360000133514404,4.579999923706055,4.579999923706055,0.26865298623370654,-6.147544747941735,-0.3000001907348633
2019-08-15,4.590000152587891,4.840000152587891,4.315000057220459,4.824999809265137,4.824999809265137,0.8239828598423791,5.3493425685656515,0.24499988555908203
2019-08-16,4.829999923706055,5.099999904632568,4.5,4.96999979019165,4.96999979019165,-0.339111467715699,3.005181070641272,0.14499998092651367
2019-08-19,5.130000114440918,5.239999771118164,5.019999980926514,5.099999904632568,5.099999904632568,-0.08806105275097723,2.6156965780456343,0.13000011444091797
2019-08-20,5.170000076293945,5.260000228881836,5.010000228881836,5.099999904632568,5.099999904632568,-0.304155080821877,0.0,0.0
2019-08-21,5.210000038146973,5.320000171661377,5.010000228881836,5.199999809265137,5.199999809265137,-0.5250158889237525,1.960782480441492,0.09999990463256836
2019-08-22,5.159999847412109,5.360000133514404,5.119999885559082,5.230000019073486,5.230000019073486,-0.4002851447798875,0.576927132860594,0.03000020980834961
2019-08-23,5.269999980926514,5.449999809265137,5.25,5.260000228881836,5.260000228881836,-0.39472390141041586,0.5736177762703853,0.03000020980834961
2019-08-26,5.429999828338623,5.590000152587891,5.25,5.289999961853027,5.289999961853027,-0.17704094666252418,0.5703371039124105,0.029999732971191406
2019-08-27,5.420000076293945,5.599999904632568,5.300000190734863,5.590000152587891,5.590000152587891,-0.16432953324658892,5.671081151194879,0.3000001907348633
2019-08-28,5.599999904632568,5.619999885559082,5.400000095367432,5.53000020980835,5.53000020980835,-0.26760976725106306,-1.0733442064713383,-0.059999942779541016
2019-08-29,5.610000133514404,5.735000133514404,5.449999809265137,5.599999904632568,5.599999904632568,-0.38757373136395223,1.2658172182355987,0.06999969482421875
2019-08-30,5.730000019073486,5.789999961853027,5.369999885559082,5.599999904632568,5.599999904632568,-0.18260219003199588,0.0,0.0
2019-09-03,5.739999771118164,5.739999771118164,5.449999809265137,5.679999828338623,5.679999828338623,-0.3955183647489118,1.4285700905079413,0.07999992370605469
2019-09-04,5.650000095367432,5.739999771118164,5.610000133514404,5.730000019073486,5.730000019073486,-0.5416996190321676,0.88028507475304,0.05000019073486328
2019-09-05,5.849999904632568,5.849999904632568,5.604000091552734,5.699999809265137,5.699999809265137,-0.5138934021848091,-0.5235638692580702,-0.03000020980834961
2019-09-06,5.820000171661377,6.329999923706055,5.78000020980835,6.190000057220459,6.190000057220459,-0.3621509045320817,8.596495865821696,0.49000024795532227
2019-09-09,6.150000095367432,6.369999885559082,5.989999771118164,6.25,6.25,-0.37009553791704125,0.9693043978174609,0.059999942779541016
2019-09-10,6.440000057220459,6.980000019073486,6.300000190734863,6.585000038146973,6.585000038146973,-0.0832942727200015,5.360000610351556,0.33500003814697266
2019-09-11,6.699999809265137,6.849999904632568,6.5,6.679999828338623,6.679999828338623,-0.31924988425330014,1.4426695465651562,0.09499979019165039
2019-09-12,6.630000114440918,6.75,6.414999961853027,6.630000114440918,6.630000114440918,-0.27158208394354283,-0.7484987302782686,-0.04999971389770508
2019-09-13,6.659999847412109,6.75,6.414999961853027,6.489999771118164,6.489999771118164,1.2426650392297474,-2.111619018193023,-0.1400003433227539
2019-09-16,6.619999885559082,6.699999809265137,6.409999847412109,6.650000095367432,6.650000095367432,-0.2827045706824862,2.4653363619718816,0.16000032424926758
2019-09-17,6.650000095367432,7.0,6.5,6.760000228881836,6.760000228881836,0.5856438582935926,1.654137322359328,0.1100001335144043
2019-09-18,6.71999979019165,6.949999809265137,6.5,6.710000038146973,6.710000038146973,0.5006362810745254,-0.7396477668926593,-0.05000019073486328
2019-09-19,6.739999771118164,6.869999885559082,6.579999923706055,6.75,6.75,0.30599276314301643,0.596124614390825,0.039999961853027344
2019-09-20,6.730000019073486,7.050000190734863,6.400000095367432,6.420000076293945,6.420000076293945,0.8970734869840069,-4.8888877586082184,-0.3299999237060547
2019-09-23,6.489999771118164,6.659999847412109,6.079999923706055,6.510000228881836,6.510000228881836,0.06606483491723804,1.4018715189773712,0.09000015258789062
2019-09-24,6.5,6.690000057220459,6.050000190734863,6.380000114440918,6.380000114440918,-0.08647212607398531,-1.9969294910953783,-0.13000011444091797
2019-09-25,6.329999923706055,6.449999809265137,5.965000152587891,5.96999979019165,5.96999979019165,-0.3128941775453325,-6.426337255406089,-0.4100003242492676
2019-09-26,5.920000076293945,6.199999809265137,5.670000076293945,6.0,6.0,-0.4058463881493592,0.5025160948521012,0.03000020980834961
2019-09-27,6.039999961853027,6.239999771118164,5.940000057220459,6.03000020980835,6.03000020980835,-0.43841938502769334,0.5000034968058342,0.03000020980834961
2019-09-30,6.21999979019165,6.21999979019165,5.934999942779541,6.059999942779541,6.059999942779541,-0.39949068144139155,0.49750799216214947,0.029999732971191406
2019-10-01,6.110000133514404,6.199999809265137,5.929999828338623,6.039999961853027,6.039999961853027,-0.4749646985985073,-0.3300326916726104,-0.019999980926513672
2019-10-02,6.0,6.050000190734863,5.860000133514404,5.880000114440918,5.880000114440918,-0.3160720308993163,-2.649004112957354,-0.15999984741210938
2019-10-03,5.869999885559082,5.940000057220459,5.400000095367432,5.650000095367432,5.650000095367432,0.15583919216728095,-3.9115648740995823,-0.23000001907348633
2019-10-04,5.599999904632568,6.260000228881836,5.599999904632568,5.690000057220459,5.690000057220459,-0.08806105275097723,0.7079639146523986,0.039999961853027344
2019-10-07,5.670000076293945,6.5,5.670000076293945,5.75,5.75,0.16298936221374455,1.0544805303367655,0.059999942779541016
2019-10-08,5.710000038146973,6.309999942779541,5.710000038146973,6.079999923706055,6.079999923706055,-0.41776333822679856,5.7391291079313955,0.3299999237060547
2019-10-09,6.255000114440918,6.5,6.0,6.340000152587891,6.340000152587891,-0.0030534755319100494,4.276319607638301,0.26000022888183594
2019-10-10,6.340000152587891,6.465000152587891,6.059999942779541,6.320000171661377,6.320000171661377,-0.4018740714568794,-0.31545710481332145,-0.019999980926513672
2019-10-11,6.050000190734863,6.320000171661377,5.940000057220459,5.940000057220459,5.940000057220459,-0.24854264712716012,-6.01265987530859,-0.38000011444091797
2019-10-14,5.980000019073486,6.179999828338623,5.849999904632568,6.179999828338623,6.179999828338623,-0.5067432321383455,4.040400148252998,0.23999977111816406
2019-10-15,6.070000171661377,6.349999904632568,5.980000019073486,6.320000171661377,6.320000171661377,-0.4503363351051327,2.265377786594369,0.1400003433227539
2019-10-16,6.349999904632568,6.409999847412109,6.079999923706055,6.309999942779541,6.309999942779541,-0.4185578015652945,-0.15823146535147714,-0.010000228881835938
2019-10-17,6.369999885559082,6.369999885559082,6.010000228881836,6.019999980926514,6.019999980926514,-0.5027709154458657,-4.595878993388435,-0.28999996185302734
2019-10-18,6.0,6.184999942779541,5.900000095367432,6.0,6.0,-0.4995930620918819,-0.33222559783855354,-0.019999980926513672
2019-10-21,5.920000076293945,6.25,5.900000095367432,5.900000095367432,5.900000095367432,-0.35738412450110596,-1.6666650772094727,-0.09999990463256836
2019-10-22,5.909999847412109,6.199999809265137,5.909999847412109,5.920000076293945,5.920000076293945,-0.34546717442366665,0.33898272208872093,0.019999980926513672
2019-10-23,5.920000076293945,6.230000019073486,5.920000076293945,5.960000038146973,5.960000038146973,-0.45828096849009226,0.6756750225933805,0.039999961853027344
2019-10-24,6.380000114440918,6.449999809265137,5.789999961853027,5.909999847412109,5.909999847412109,-0.3494394911161464,-0.8389293693764621,-0.05000019073486328
2019-10-25,5.900000095367432,6.099999904632568,5.900000095367432,5.929999828338623,5.929999828338623,-0.43365260499671765,0.33840916147014344,0.019999980926513672
2019-10-28,5.980000019073486,6.099999904632568,5.940000057220459,6.070000171661377,6.070000171661377,-0.5107155488308253,2.360882755067073,0.1400003433227539
2019-10-29,6.199999809265137,6.199999809265137,6.03000020980835,6.050000190734863,6.050000190734863,-0.5202491088927768,-0.32948896805450323,-0.019999980926513672
2019-10-30,6.179999828338623,6.25,6.050000190734863,6.050000190734863,6.050000190734863,-0.4908539653684264,0.0,0.0
2019-10-31,6.039999961853027,6.210000038146973,5.96999979019165,5.96999979019165,5.96999979019165,-0.480525941967979,-1.3223206284477151,-0.08000040054321289
2019-11-01,5.96999979019165,6.150000095367432,5.96999979019165,6.0,6.0,-0.5138934021848091,0.5025160948521012,0.03000020980834961
2019-11-04,6.199999809265137,6.400000095367432,6.010000228881836,6.119999885559082,6.119999885559082,-0.4050519248108633,1.9999980926513672,0.11999988555908203
2019-11-05,6.099999904632568,6.474999904632568,6.090000152587891,6.369999885559082,6.369999885559082,-0.32957790765374756,4.084967396648276,0.25
2019-11-06,6.369999885559082,6.681000232696533,6.179999828338623,6.300000190734863,6.300000190734863,0.39179480370057956,-1.0988963278148467,-0.06999969482421875
2019-11-07,6.309999942779541,6.349999904632568,6.269999980926514,6.269999980926514,6.269999980926514,-0.5416996190321676,-0.47619379206479406,-0.03000020980834961
2019-11-08,6.389999866485596,6.5,6.150000095367432,6.150000095367432,6.150000095367432,-0.5099210854923293,-1.913873778694175,-0.11999988555908203
2019-11-11,6.46999979019165,6.690000057220459,6.170000076293945,6.360000133514404,6.360000133514404,-0.5266048156007443,3.414634713667053,0.21000003814697266
2019-11-12,6.199999809265137,6.486999988555908,6.159999847412109,6.300000190734863,6.300000190734863,-0.4995930620918819,-0.9433953069178047,-0.059999942779541016
2019-11-13,6.139999866485596,6.383999824523926,6.119999885559082,6.150000095367432,6.150000095367432,-0.48608718533745066,-2.3809538226368665,-0.15000009536743164
2019-11-14,6.239999771118164,6.25,5.900000095367432,5.949999809265137,5.949999809265137,-0.38280695133297654,-3.2520371219660227,-0.20000028610229492
2019-11-15,5.949999809265137,6.210000038146973,5.949999809265137,6.099999904632568,6.099999904632568,-0.4837037953219628,2.521010086989528,0.15000009536743164
2019-11-18,6.15399980545044,6.25,5.949999809265137,5.96999979019165,5.96999979019165,-0.34308378440817877,-2.13114945038263,-0.13000011444091797
2019-11-19,5.974999904632568,6.070000171661377,5.929999828338623,6.070000171661377,6.070000171661377,-0.4654311385365558,1.6750483246920966,0.10000038146972656
2019-11-20,5.949999809265137,6.039999961853027,5.900000095367432,5.900000095367432,5.900000095367432,-0.18339665337049182,-2.800660156281609,-0.1700000762939453
2019-11-21,5.909999847412109,6.070000171661377,5.909999847412109,6.0,6.0,3.7793864790473317,1.6949136104436047,0.09999990463256836
2019-11-22,5.960000038146973,6.090000152587891,5.960000038146973,6.090000152587891,6.090000152587891,-0.3986962181028956,1.5000025431315178,0.09000015258789062
2019-11-25,6.110000133514404,6.230000019073486,5.940000057220459,6.159999847412109,6.159999847412109,-0.2493371104656561,1.1494202474604753,0.06999969482421875
2019-11-26,6.199999809265137,6.21999979019165,6.110000133514404,6.159999847412109,6.159999847412109,-0.3160720308993163,0.0,0.0
2019-11-27,6.190000057220459,6.320000171661377,6.0,6.099999904632568,6.099999904632568,-0.3534118078086262,-0.9740250692497621,-0.059999942779541016
2019-11-29,6.199999809265137,6.320000171661377,6.039999961853027,6.320000171661377,6.320000171661377,-0.45828096849009226,3.606561810955644,0.2200002670288086
2019-12-02,6.300000190734863,6.559999942779541,6.230000019073486,6.289999961853027,6.289999961853027,-0.3534118078086262,-0.47468685116290876,-0.03000020980834961
2019-12-03,6.380000114440918,6.420000076293945,6.079999923706055,6.400000095367432,6.400000095367432,-0.3057440074988689,1.748809764412118,0.1100001335144043
2019-12-04,6.25,6.460000038146973,6.170000076293945,6.21999979019165,6.21999979019165,-0.4535141884591165,-2.812504726461995,-0.18000030517578125
2019-12-05,6.099999904632568,6.340000152587891,6.099999904632568,6.110000133514404,6.110000133514404,-0.28111564400549427,-1.7684832859754307,-0.1099996566772461
2019-12-06,6.170000076293945,6.400000095367432,6.110000133514404,6.139999866485596,6.139999866485596,-0.39949068144139155,0.49099398225276314,0.029999732971191406
2019-12-09,6.050000190734863,6.099999904632568,5.770999908447266,5.960000038146973,5.960000038146973,-0.2032582368328907,-2.9315933591648635,-0.17999982833862305
2019-12-10,5.849999904632568,6.014999866485596,5.849999904632568,5.869999885559082,5.869999885559082,-0.1873689700629716,-1.5100696646282663,-0.09000015258789062
2019-12-12,6.699999809265137,7.050000190734863,6.504000186920166,7.050000190734863,7.050000190734863,1.602556931568415,20.102220241583414,1.1800003051757812
2019-12-13,7.039999961853027,7.139999866485596,6.880000114440918,7.099999904632568,7.099999904632568,0.5498930080612746,0.7092157807799149,0.04999971389770508
2019-12-16,7.170000076293945,7.170000076293945,6.920000076293945,7.03000020980835,7.03000020980835,1.0925114682540118,-0.9859112079500965,-0.06999969482421875
2019-12-17,7.090000152587891,7.105999946594238,6.809999942779541,6.840000152587891,6.840000152587891,0.4267511905944016,-2.702703435988074,-0.19000005722045898
2019-12-18,6.900000095367432,7.349999904632568,6.900000095367432,7.349999904632568,7.349999904632568,0.22575196595492497,7.45613655946662,0.5099997520446777
2019-12-19,7.289999961853027,7.480000019073486,7.289999961853027,7.329999923706055,7.329999923706055,0.524470181229404,-0.27210858756485656,-0.019999980926513672
2019-12-20,7.320000171661377,7.409999847412109,7.019999980926514,7.360000133514404,7.360000133514404,2.0506342544801335,0.4092798106494655,0.03000020980834961
2019-12-23,7.420000076293945,7.880000114440918,7.369999885559082,7.75,7.75,2.0895629580664354,5.298911133298723,0.3899998664855957
2019-12-24,7.710000038146973,8.34000015258789,7.699999809265137,8.1899995803833,8.1899995803833,0.8652949534441687,5.6774139404296875,0.4399995803833008
2019-12-26,8.1899995803833,8.40999984741211,7.880000114440918,8.199999809265137,8.199999809265137,0.6174223918334307,0.12210292300611769,0.010000228881835938
2019-12-27,8.140000343322754,8.369999885559082,8.050000190734863,8.1899995803833,8.1899995803833,4.354577936118403,-0.12195401359078595,-0.010000228881835938
2019-12-30,8.305000305175781,8.305000305175781,7.909999847412109,8.199999809265137,8.199999809265137,0.9256741671698613,0.12210292300611769,0.010000228881835938
2019-12-31,8.130000114440918,8.199999809265137,7.989999771118164,8.149999618530273,8.149999618530273,0.19238450573809487,-0.6097584377790843,-0.05000019073486328
2020-01-02,8.149999618530273,8.40999984741211,8.0,8.199999809265137,8.199999809265137,0.7516866960392472,0.6134993015359136,0.05000019073486328
2020-01-03,8.130000114440918,8.1899995803833,7.920000076293945,8.149999618530273,8.149999618530273,0.11929387859646702,-0.6097584377790843,-0.05000019073486328
2020-01-06,8.09000015258789,8.130000114440918,7.789999961853027,8.100000381469727,8.100000381469727,0.38146678030013215,-0.6134876000100209,-0.049999237060546875
2020-01-07,8.079999923706055,8.09000015258789,7.789999961853027,7.909999847412109,7.909999847412109,0.14551116876683354,-2.3456854951794726,-0.1900005340576172
2020-01-08,7.849999904632568,8.050000190734863,7.789999961853027,8.0,8.0,0.3226764932514315,1.1378022038437186,0.09000015258789062
2020-01-09,7.929999828338623,8.055000305175781,7.800000190734863,7.820000171661377,7.820000171661377,0.16140043553675262,-2.249997854232788,-0.17999982833862305
2020-01-10,7.760000228881836,7.980000019073486,7.75,7.940000057220459,7.940000057220459,0.02554720465394433,1.5345253570958395,0.11999988555908203
2020-01-13,7.949999809265137,8.039999961853027,7.739999771118164,7.940000057220459,7.940000057220459,-0.0022590121934140945,0.0,0.0
2020-01-14,7.920000076293945,8.010000228881836,7.840000152587891,7.869999885559082,7.869999885559082,0.03508076471589579,-0.8816142463087262,-0.07000017166137695
2020-01-15,7.940000057220459,8.164999961853027,7.869999885559082,8.039999961853027,8.039999961853027,0.30281490978903264,2.1601026526808953,0.1700000762939453
2020-01-16,8.069999694824219,8.09000015258789,8.010000228881836,8.010000228881836,8.010000228881836,-0.49720967207639405,-0.3731310088747497,-0.029999732971191406
2020-01-17,8.020000457763672,8.130000114440918,7.960000038146973,8.010000228881836,8.010000228881836,-0.2525149638196399,0.0,0.0
2020-01-21,7.96999979019165,8.010000228881836,7.710000038146973,7.75,7.75,-0.30653847083736485,-3.245945336485101,-0.26000022888183594
2020-01-22,7.760000228881836,7.96999979019165,7.710000038146973,7.889999866485596,7.889999866485596,-0.05548805587264308,1.8064498901367188,0.1399998664855957
2020-01-23,7.829999923706055,8.069999694824219,7.769999980926514,7.960000038146973,7.960000038146973,-0.09203336944345701,0.8872011767543597,0.07000017166137695
2020-01-24,7.96999979019165,8.0600004196167,7.849999904632568,7.980000019073486,7.980000019073486,0.7294417225613604,0.2512560405862674,0.019999980926513672
2020-01-27,7.900000095367432,8.055000305175781,7.900000095367432,7.909999847412109,7.909999847412109,-0.36850661124004935,-0.8771951315045823,-0.07000017166137695
2020-01-28,7.940000057220459,8.029999732971191,7.820000171661377,7.820000171661377,7.820000171661377,-0.09282783278195296,-1.1377961755609567,-0.08999967575073242
2020-01-29,7.849999904632568,7.949999809265137,7.730000019073486,7.869999885559082,7.869999885559082,-0.42094119158078236,0.6393825166257416,0.04999971389770508
2020-01-30,7.820000171661377,8.029999732971191,7.71999979019165,8.020000457763672,8.020000457763672,0.18523433569163128,1.9059793441653206,0.15000057220458984
2020-01-31,8.010000228881836,8.020000457763672,7.639999866485596,7.639999866485596,7.639999866485596,-0.1555904365231334,-4.738161715567246,-0.38000059127807617
2020-02-03,7.683000087738037,8.020000457763672,7.630000114440918,7.940000057220459,7.940000057220459,-0.20881948020236238,3.926704135832182,0.3000001907348633
2020-02-04,7.940000057220459,8.039999961853027,7.690000057220459,7.949999809265137,7.949999809265137,-0.15479597318463745,0.12594146061226663,0.009999752044677734
2020-02-05,7.960000038146973,8.25,7.960000038146973,8.029999732971191,8.029999732971191,0.13836099872036994,1.0062883726465133,0.07999992370605469
2020-02-06,8.069999694824219,8.220000267028809,8.069999694824219,8.130000114440918,8.130000114440918,-0.3637398312090736,1.2453348044225265,0.10000038146972656
2020-02-07,8.079999923706055,8.199999809265137,8.0,8.15999984741211,8.15999984741211,-0.2644319138970792,0.3690004003555236,0.029999732971191406
2020-02-10,8.149999618530273,8.25,8.050000190734863,8.140000343322754,8.140000343322754,0.16775614224472027,-0.2450919664624518,-0.01999950408935547
2020-02-11,8.180000305175781,8.369999885559082,8.039999961853027,8.039999961853027,8.039999961853027,0.07798178499467735,-1.228505863046514,-0.10000038146972656
2020-02-12,8.069999694824219,8.300000190734863,8.010000228881836,8.210000038146973,8.210000038146973,-0.10951156289036801,2.1144288196583982,0.1700000762939453
2020-02-13,8.149999618530273,8.600000381469727,8.149999618530273,8.449999809265137,8.449999809265137,2.176159461962494,2.923261510390107,0.23999977111816406
2020-02-14,8.420000076293945,8.479999542236328,8.260000228881836,8.289999961853027,8.289999961853027,-0.09838907615142464,-1.8934893612266745,-0.15999984741210938
2020-02-18,8.279999732971191,8.555000305175781,8.279999732971191,8.390000343322754,8.390000343322754,-0.12698975633727902,1.2062772247271925,0.10000038146972656
2020-02-19,8.40999984741211,8.4399995803833,8.149999618530273,8.4399995803833,8.4399995803833,0.07162607828670972,0.5959384387908884,0.049999237060546875
2020-02-20,8.420000076293945,8.515000343322754,8.399999618530273,8.470000267028809,8.470000267028809,-0.27158208394354283,0.3554583902496411,0.030000686645507812
2020-02-21,8.420000076293945,8.520000457763672,8.25,8.279999732971191,8.279999732971191,-0.10792263621337611,-2.24321756868453,-0.1900005340576172
2020-02-24,8.15999984741211,8.220000267028809,7.960000038146973,8.149999618530273,8.149999618530273,-0.3661232212245615,-1.5700497419493087,-0.13000011444091797
2020-02-25,8.180000305175781,8.279999732971191,7.929999828338623,8.170000076293945,8.170000076293945,0.01283579123800905,0.24540440122473584,0.020000457763671875
2020-02-26,8.170000076293945,8.399999618530273,8.170000076293945,8.279999732971191,8.279999732971191,-0.3303723709922435,1.3463850140763345,0.1099996566772461
2020-02-27,8.149999618530273,8.449999809265137,8.119999885559082,8.34000015258789,8.34000015258789,-0.09441675945894487,0.7246427723635707,0.06000041961669922
2020-02-28,8.25,8.430000305175781,8.109999656677246,8.3100004196167,8.3100004196167,-0.04118771577971589,-0.3597090218503518,-0.029999732971191406
2020-03-02,8.260000228881836,8.40999984741211,8.109999656677246,8.279999732971191,8.279999732971191,-0.2048471635098826,-0.3610190749772757,-0.030000686645507812
2020-03-03,8.270000457763672,8.399999618530273,7.989999771118164,8.069999694824219,8.069999694824219,0.033491838038903876,-2.536232426563334,-0.21000003814697266
2020-03-04,8.109999656677246,8.279999732971191,7.71999979019165,7.78000020980835,7.78000020980835,0.8223939331653871,-3.5935501360906286,-0.28999948501586914
2020-03-05,8.300000190734863,8.300000190734863,7.559999942779541,7.800000190734863,7.800000190734863,0.5641933481542017,0.257069156647316,0.019999980926513672
2020-03-06,7.739999771118164,8.0,7.579999923706055,7.889999866485596,7.889999866485596,1.282388206154545,1.1538419685891421,0.08999967575073242
2020-03-09,7.639999866485596,7.989999771118164,7.510000228881836,7.730000019073486,7.730000019073486,0.5912051016630643,-2.0278814970801418,-0.15999984741210938
2020-03-10,7.909999847412109,8.029999732971191,7.400000095367432,7.539999961853027,7.539999961853027,-0.21835304026431385,-2.4579567496978094,-0.19000005722045898
2020-03-11,7.360000133514404,7.485000133514404,7.320000171661377,7.329999923706055,7.329999923706055,-0.17783541000102013,-2.785146408613015,-0.21000003814697266
2020-03-12,7.039999961853027,7.295000076293945,6.429999828338623,6.519999980926514,6.519999980926514,0.19635682243057465,-11.0504768241526,-0.809999942779541
2020-03-13,6.880000114440918,6.949999809265137,6.710000038146973,6.949999809265137,6.949999809265137,0.9749308941566105,6.5950894109898295,0.42999982833862305
2020-03-16,6.449999809265137,6.650000095367432,6.050000190734863,6.539999961853027,6.539999961853027,0.4339013606408652,-5.899278541929354,-0.4099998474121094
2020-03-17,6.619999885559082,6.670000076293945,6.400000095367432,6.5,6.5,1.0980727116234836,-0.6116202153874872,-0.039999961853027344
2020-03-18,6.340000152587891,6.5,5.889999866485596,6.0,6.0,0.35842734348374944,-7.692307692307687,-0.5
2020-03-19,5.96999979019165,6.039999961853027,5.699999809265137,5.940000057220459,5.940000057220459,1.1552740719951924,-0.9999990463256836,-0.059999942779541016
2020-03-20,5.980000019073486,6.199999809265137,5.940000057220459,6.190000057220459,6.190000057220459,0.005685621191545455,4.20875416821096,0.25
2020-03-23,6.190000057220459,6.28000020980835,5.929999828338623,5.989999771118164,5.989999771118164,-0.08488319939699342,-3.231022362738112,-0.20000028610229492
2020-03-24,6.139999866485596,6.590000152587891,6.139999866485596,6.5,6.5,0.313937396527976,8.514194463594006,0.5100002288818359
2020-03-25,6.550000190734863,6.579999923706055,6.400000095367432,6.5,6.5,0.09704890511858028,0.0,0.0
2020-03-26,6.559999942779541,6.590000152587891,6.380000114440918,6.53000020980835,6.53000020980835,-0.12619529299878307,0.461541689359235,0.03000020980834961
2020-03-27,6.360000133514404,6.579999923706055,6.340000152587891,6.46999979019165,6.46999979019165,-0.3764512446250089,-0.9188425373490183,-0.06000041961669922
2020-03-30,6.5,6.590000152587891,6.329999923706055,6.519999980926514,6.519999980926514,0.861322636751689,0.7728005000968041,0.05000019073486328
2020-03-31,6.5,6.570000171661377,6.159999847412109,6.260000228881836,6.260000228881836,1.3459452732342214,-3.987726270019576,-0.25999975204467773
2020-04-01,6.170000076293945,6.420000076293945,6.010000228881836,6.03000020980835,6.03000020980835,1.4643203106701188,-3.6741215761036616,-0.23000001907348633
