Date,Open,High,Low,Close,Adj Close,Volume,Daily_Return,Adj Close Diff
2018-07-27,5.0,5.0,4.199999809265137,4.699999809265137,4.699999809265137,1.7576985011368402,,
2018-07-30,4.25,4.5,4.25,4.409999847412109,4.409999847412109,-0.519113138641704,-6.170212204718572,-0.28999996185302734
2018-07-31,4.75,4.75,4.400000095367432,4.75,4.75,-0.7880105443077082,7.709754293697091,0.3400001525878906
2018-08-01,4.75,4.75,4.5,4.5,4.5,-0.6160925308491154,-5.263157894736848,-0.25
2018-08-02,4.71999979019165,4.71999979019165,4.5,4.710000038146973,4.710000038146973,-0.367031819043718,4.666667514377165,0.21000003814697266
2018-08-03,4.289999961853027,4.71999979019165,4.289999961853027,4.71999979019165,4.71999979019165,-0.7373167711083796,0.2123089588893512,0.009999752044677734
2018-08-06,4.71999979019165,4.75,4.550000190734863,4.730000019073486,4.730000019073486,-0.6513577643790831,0.2118692653888754,0.010000228881835938
2018-08-07,4.53000020980835,4.75,4.53000020980835,4.71999979019165,4.71999979019165,-0.7240923085346417,-0.2114213285731581,-0.010000228881835938
2018-08-08,5.0,5.0,4.590000152587891,4.889999866485596,4.889999866485596,-0.7747860817339703,3.6016966917501225,0.1700000762939453
2018-08-09,4.800000190734863,4.800000190734863,4.519999980926514,4.78000020980835,4.78000020980835,-0.9136429387582184,-2.249481793059882,-0.1099996566772461
2018-08-10,4.769999980926514,4.889999866485596,4.550000190734863,4.559999942779541,4.559999942779541,-0.823275777837676,-4.602515844609744,-0.2200002670288086
2018-08-13,4.559999942779541,4.880000114440918,4.5,4.5,4.5,-0.8431124716982829,-1.3157882353605488,-0.059999942779541016
2018-08-14,4.699999809265137,4.739999771118164,4.550000190734863,4.739999771118164,4.739999771118164,-0.6557659185703291,5.3333282470703125,0.23999977111816406
2018-08-15,4.739999771118164,4.739999771118164,4.739999771118164,4.739999771118164,4.739999771118164,-0.9422959410013173,0.0,0.0
2018-08-16,4.630000114440918,4.75,4.630000114440918,4.75,4.75,-0.6425414559965912,0.21097530305316248,0.010000228881835938
2018-08-17,4.650000095367432,4.849999904632568,4.650000095367432,4.849999904632568,4.849999904632568,-0.510296830259212,2.1052611501593432,0.09999990463256836
2018-08-20,4.730000019073486,4.860000133514404,4.650000095367432,4.849999904632568,4.849999904632568,-0.7549493878733635,0.0,0.0
2018-08-21,4.829999923706055,4.829999923706055,4.75,4.75,4.75,-0.9158470158538414,-2.0618537443073293,-0.09999990463256836
2018-08-22,4.739999771118164,4.75,4.599999904632568,4.610000133514404,4.610000133514404,-0.825479854933299,-2.9473656102230628,-0.1399998664855957
2018-08-23,4.860000133514404,4.889999866485596,4.659999847412109,4.760000228881836,4.760000228881836,-0.3846644358087019,3.253798069916325,0.15000009536743164
2018-08-24,4.730000019073486,4.800000190734863,4.730000019073486,4.800000190734863,4.800000190734863,-0.7902146214033312,0.84033529263976,0.039999961853027344
2018-08-27,4.75,4.829999923706055,4.75,4.800000190734863,4.800000190734863,-0.821071700742053,0.0,0.0
2018-08-28,4.78000020980835,4.849999904632568,4.78000020980835,4.849999904632568,4.849999904632568,-0.9092347845669725,1.0416606648103066,0.04999971389770508
2018-08-29,4.769999980926514,4.96999979019165,4.769999980926514,4.820000171661377,4.820000171661377,-0.6072762224666234,-0.618551207445106,-0.029999732971191406
2018-08-30,4.800000190734863,4.800000190734863,4.75,4.760000228881836,4.760000228881836,-0.7902146214033312,-1.2448120465286205,-0.059999942779541016
2018-08-31,4.769999980926514,4.960000038146973,4.75,4.849999904632568,4.849999904632568,-0.7483371565864945,1.890749399646019,0.08999967575073242
2018-09-04,4.869999885559082,4.869999885559082,4.659999847412109,4.869999885559082,4.869999885559082,-0.7924186984989542,0.4123707488614681,0.019999980926513672
2018-09-05,4.849999904632568,4.860000133514404,4.599999904632568,4.599999904632568,4.599999904632568,-0.23258311621071587,-5.544147582572634,-0.26999998092651367
2018-09-06,4.599999904632568,4.800000190734863,4.5,4.599999904632568,4.599999904632568,0.7945168103495954,0.0,0.0
2018-09-07,4.400000095367432,4.710000038146973,4.289999961853027,4.550000190734863,4.550000190734863,-0.7218882314390187,-1.0869503246587309,-0.04999971389770508
2018-09-10,4.300000190734863,4.769999980926514,4.300000190734863,4.349999904632568,4.349999904632568,-0.7042556146740347,-4.395610499304025,-0.20000028610229492
2018-09-11,4.300000190734863,4.710000038146973,4.25,4.5,4.5,0.33606877446001443,3.4482781300221976,0.15000009536743164
2018-09-12,4.590000152587891,4.610000133514404,4.329999923706055,4.349999904632568,4.349999904632568,-0.5874395286060166,-3.333335452609587,-0.15000009536743164
2018-09-13,4.320000171661377,4.400000095367432,4.019999980926514,4.099999904632568,4.099999904632568,-0.5433579866935568,-5.747126562779014,-0.25
2018-09-14,4.019999980926514,4.400000095367432,3.5799999237060547,3.9600000381469727,3.9600000381469727,-0.3361747397049962,-3.4146309693180887,-0.1399998664855957
2018-09-17,3.75,4.25,3.559999942779541,4.099999904632568,4.099999904632568,0.4594970918149016,3.5353501297213707,0.1399998664855957
2018-09-18,3.7799999713897705,4.230000019073486,3.700000047683716,4.179999828338623,4.179999828338623,0.38235439346809713,1.9512176967531936,0.07999992370605469
2018-09-19,4.179999828338623,4.190000057220459,4.0,4.079999923706055,4.079999923706055,-0.6844189208134279,-2.3923423143372258,-0.09999990463256836
2018-09-20,4.610000133514404,4.710000038146973,4.309999942779541,4.619999885559082,4.619999885559082,0.41100739571119593,13.235293430165562,0.5399999618530273
2018-09-21,4.619999885559082,4.71999979019165,4.130000114440918,4.449999809265137,4.449999809265137,0.29859946383442365,-3.679655422185646,-0.1700000762939453
2018-09-24,4.46999979019165,4.659999847412109,4.46999979019165,4.53000020980835,4.53000020980835,-0.18629749720263317,1.7977618870150813,0.08000040054321289
2018-09-25,4.550000190734863,4.730000019073486,4.079999923706055,4.710000038146973,4.710000038146973,-0.31413396874876637,3.9735059603063005,0.17999982833862305
2018-09-26,4.730000019073486,4.730000019073486,4.380000114440918,4.630000114440918,4.630000114440918,0.09582437103710899,-1.69851216683915,-0.07999992370605469
2018-09-27,4.699999809265137,4.699999809265137,4.659999847412109,4.659999847412109,4.659999847412109,-0.9422959410013173,0.6479423807706386,0.029999732971191406
2018-09-28,4.699999809265137,4.699999809265137,4.010000228881836,4.300000190734863,4.300000190734863,-0.6160925308491154,-7.725314773930059,-0.3599996566772461
2018-10-01,4.25,4.489999771118164,4.25,4.489999771118164,4.489999771118164,-0.8453165487939058,4.418594696639544,0.18999958038330078
2018-10-02,4.420000076293945,4.420000076293945,4.010000228881836,4.300000190734863,4.300000190734863,-0.7351126940127566,-4.231616705316322,-0.18999958038330078
2018-10-03,4.239999771118164,4.400000095367432,4.019999980926514,4.400000095367432,4.400000095367432,-0.8387043175070369,2.325579074346007,0.09999990463256836
2018-10-04,4.360000133514404,4.360000133514404,4.099999904632568,4.110000133514404,4.110000133514404,-0.9026225532801035,-6.59090808107835,-0.28999996185302734
2018-10-05,4.440000057220459,4.440000057220459,4.25,4.25,4.25,-0.5411539095979339,3.406322674882345,0.1399998664855957
2018-10-08,4.349999904632568,4.389999866485596,4.349999904632568,4.389999866485596,4.389999866485596,-0.9224592471407104,3.294114505543422,0.1399998664855957
2018-10-09,4.429999828338623,4.440000057220459,4.25,4.25,4.25,-0.6425414559965912,-3.18906311488506,-0.1399998664855957
2018-10-10,4.550000190734863,4.550000190734863,4.0,4.320000171661377,4.320000171661377,-0.7527453107777405,1.6470628626206407,0.07000017166137695
2018-10-11,4.75,5.0,4.300000190734863,4.429999828338623,4.429999828338623,0.19721191743576633,2.54628824782992,0.1099996566772461
2018-10-12,4.440000057220459,4.630000114440918,4.340000152587891,4.550000190734863,4.550000190734863,-0.5367457554066879,2.708811897205954,0.12000036239624023
2018-10-15,4.53000020980835,4.53000020980835,4.449999809265137,4.449999809265137,4.449999809265137,-0.827683932028922,-2.1978104896205664,-0.10000038146972656
2018-10-16,4.449999809265137,4.590000152587891,4.039999961853027,4.409999847412109,4.409999847412109,-0.5587865263629177,-0.8988755857864406,-0.039999961853027344
2018-10-17,4.449999809265137,4.449999809265137,4.110000133514404,4.300000190734863,4.300000190734863,-0.9004184761844806,-2.494323366967832,-0.1099996566772461
2018-10-18,4.460000038146973,4.519999980926514,4.449999809265137,4.449999809265137,4.449999809265137,-0.6403373789009682,3.4883630669011456,0.14999961853027344
2018-10-19,4.510000228881836,4.510000228881836,4.349999904632568,4.5,4.5,-0.7968268526902001,1.1235998399541591,0.05000019073486328
2018-10-22,4.599999904632568,4.599999904632568,4.409999847412109,4.440000057220459,4.440000057220459,-0.8541328571763979,-1.3333320617675781,-0.059999942779541016
2018-10-23,4.5,4.789999961853027,4.46999979019165,4.519999980926514,4.519999980926514,-0.8519287800807749,1.8018000602490147,0.07999992370605469
2018-10-24,4.78000020980835,4.820000171661377,4.570000171661377,4.650000095367432,4.650000095367432,-0.508092753163589,2.876108738705585,0.13000011444091797
2018-10-25,4.820000171661377,4.920000076293945,4.269999980926514,4.809999942779541,4.809999942779541,-0.06286917984774598,3.440856863024777,0.15999984741210938
2018-10-26,4.75,5.400000095367432,4.75,5.230000019073486,5.230000019073486,-0.1510322636726654,8.731810421836329,0.4200000762939453
2018-10-29,5.570000171661377,5.610000133514404,4.75,4.769999980926514,4.769999980926514,-0.4596030570598834,-8.795411787177454,-0.46000003814697266
2018-10-30,4.760000228881836,5.599999904632568,4.699999809265137,4.949999809265137,4.949999809265137,-0.7240923085346417,3.7735813219785364,0.17999982833862305
2018-10-31,5.190000057220459,5.190000057220459,4.949999809265137,5.119999885559082,5.119999885559082,-0.5477661408848028,3.4343451079684506,0.1700000762939453
2018-11-01,5.079999923706055,5.130000114440918,4.699999809265137,4.809999942779541,4.809999942779541,-0.6337251476140993,-6.0546865177457,-0.309999942779541
2018-11-02,4.809999942779541,5.380000114440918,4.699999809265137,4.699999809265137,4.699999809265137,-0.5830313744147706,-2.28690508987488,-0.1100001335144043
2018-11-05,5.130000114440918,5.210000038146973,4.849999904632568,4.880000114440918,4.880000114440918,0.7328026516721519,3.8297938825645472,0.18000030517578125
2018-11-06,5.170000076293945,5.170000076293945,4.800000190734863,5.010000228881836,5.010000228881836,0.397782933137458,2.6639367088582944,0.13000011444091797
2018-11-07,5.400000095367432,5.400000095367432,4.550000190734863,4.730000019073486,4.730000019073486,-0.20172603687199409,-5.588826287755322,-0.2800002098083496
2018-11-08,4.71999979019165,4.71999979019165,4.369999885559082,4.369999885559082,4.369999885559082,-0.6513577643790831,-7.610996449529006,-0.3600001335144043
2018-11-09,4.349999904632568,4.679999828338623,4.28000020980835,4.28000020980835,4.28000020980835,-0.7968268526902001,-2.059489201547615,-0.08999967575073242
2018-11-12,4.25,4.480000019073486,4.25,4.480000019073486,4.480000019073486,-0.829888009124545,4.672892510771454,0.19999980926513672
2018-11-13,4.389999866485596,4.590000152587891,4.349999904632568,4.53000020980835,4.53000020980835,-0.8651532426545128,1.1160756812943928,0.05000019073486328
2018-11-14,4.599999904632568,4.599999904632568,4.349999904632568,4.449999809265137,4.449999809265137,-0.8783777052282506,-1.7660131752311181,-0.08000040054321289
2018-11-15,4.340000152587891,4.369999885559082,4.25,4.269999980926514,4.269999980926514,-0.7990309297858231,-4.044940136038965,-0.17999982833862305
2018-11-16,4.349999904632568,4.739999771118164,4.110000133514404,4.599999904632568,4.599999904632568,-0.6205006850403614,7.728335484311888,0.3299999237060547
2018-11-19,4.46999979019165,4.550000190734863,4.110000133514404,4.110000133514404,4.110000133514404,-0.7880105443077082,-10.652169158192704,-0.48999977111816406
2018-11-20,4.150000095367432,5.0,4.110000133514404,4.570000171661377,4.570000171661377,0.11345698780209287,11.192214676490364,0.46000003814697266
2018-11-21,4.960000038146973,4.960000038146973,4.46999979019165,4.5,4.5,-0.9334796326188253,-1.5317323639383873,-0.07000017166137695
2018-11-23,4.429999828338623,4.429999828338623,4.25,4.420000076293945,4.420000076293945,-0.9202551700450874,-1.7777760823567745,-0.07999992370605469
2018-11-26,4.590000152587891,4.849999904632568,4.480000019073486,4.699999809265137,4.699999809265137,-0.7681738504471014,6.334835478237455,0.2799997329711914
2018-11-27,4.630000114440918,4.690000057220459,4.550000190734863,4.550000190734863,4.550000190734863,-0.28107281231442155,-3.1914813748412985,-0.14999961853027344
2018-11-28,4.480000019073486,4.480000019073486,4.25,4.449999809265137,4.449999809265137,-0.7924186984989542,-2.1978104896205664,-0.10000038146972656
2018-11-29,4.389999866485596,4.449999809265137,4.260000228881836,4.260000228881836,4.260000228881836,-0.9378877868100712,-4.2696536747644735,-0.18999958038330078
2018-11-30,4.349999904632568,4.409999847412109,4.179999828338623,4.400000095367432,4.400000095367432,-0.7769901588295933,3.2863816658137424,0.1399998664855957
2018-12-03,4.400000095367432,4.400000095367432,4.099999904632568,4.289999961853027,4.289999961853027,-0.5543783721716717,-2.5000029802321744,-0.1100001335144043
2018-12-04,4.230000019073486,4.260000228881836,4.230000019073486,4.260000228881836,4.260000228881836,-0.9445000180969403,-0.6992944810711221,-0.029999732971191406
2018-12-06,4.119999885559082,4.300000190734863,4.0,4.0,4.0,-0.7637656962558554,-6.103291429871138,-0.26000022888183594
2018-12-07,4.0,4.300000190734863,4.0,4.230000019073486,4.230000019073486,-0.8805817823238736,5.750000476837158,0.23000001907348633
2018-12-10,4.159999847412109,4.300000190734863,3.75,3.759999990463257,3.759999990463257,-0.4133174380518007,-11.11111173737478,-0.4700000286102295
2018-12-11,4.579999923706055,4.599999904632568,4.239999771118164,4.510000228881836,4.510000228881836,0.6424354907516094,19.94681490215042,0.7500002384185791
2018-12-12,4.599999904632568,4.599999904632568,4.25,4.300000190734863,4.300000190734863,-0.5852354515103936,-4.656319899988959,-0.21000003814697266
2018-12-13,4.349999904632568,4.349999904632568,4.190000057220459,4.199999809265137,4.199999809265137,-0.7042556146740347,-2.3255901635817477,-0.10000038146972656
2018-12-14,4.199999809265137,4.239999771118164,4.010000228881836,4.199999809265137,4.199999809265137,-0.7593575420646095,0.0,0.0
2018-12-17,4.150000095367432,4.199999809265137,3.900000095367432,3.900000095367432,3.900000095367432,-0.4992764447810971,-7.142850655276456,-0.29999971389770463
2018-12-18,4.0,4.179999828338623,3.700000047683716,3.700000047683716,3.700000047683716,0.06717136879401017,-5.1282062254635274,-0.20000004768371626
2018-12-19,3.799999952316284,4.090000152587891,3.799999952316284,3.799999952316284,3.799999952316284,-0.2744605810275526,2.702700090373522,0.09999990463256836
2018-12-20,3.849999904632568,4.0,3.5,3.5,3.5,-0.4177255922430467,-7.894735686336518,-0.2999999523162842
2018-12-21,3.5,3.7899999618530273,3.299999952316284,3.5299999713897705,3.5299999713897705,-0.5962558369885085,0.8571420397077256,0.029999971389770508
2018-12-24,3.4800000190734863,3.5,3.0,3.5,3.5,-0.8166635465508071,-0.8498575533404162,-0.029999971389770508
2018-12-26,3.470000028610229,3.5,3.0999999046325684,3.5,3.5,-0.7439290023952485,0.0,0.0
2018-12-27,3.059999942779541,3.440000057220459,3.059999942779541,3.25,3.25,-0.7483371565864945,-7.14285714285714,-0.25
2018-12-28,3.5,3.569999933242798,3.5,3.5199999809265137,3.5199999809265137,-0.7196841543433957,8.307691720815802,0.26999998092651367
2018-12-31,3.5,3.5799999237060547,3.0999999046325684,3.4200000762939453,3.4200000762939453,-0.8783777052282506,-2.8409063970007975,-0.09999990463256836
2019-01-02,3.5,3.5799999237060547,3.5,3.569999933242798,3.569999933242798,-0.8805817823238736,4.385960631655861,0.14999985694885254
2019-01-03,3.5299999713897705,3.5299999713897705,3.140000104904175,3.289999961853028,3.289999961853028,-0.9026225532801035,-7.8431366001576635,-0.27999997138977006
2019-01-04,3.180000066757202,3.920000076293945,3.180000066757202,3.630000114440918,3.630000114440918,-0.508092753163589,10.334351262314057,0.3400001525878902
2019-01-07,3.7699999809265137,3.7699999809265137,3.5999999046325684,3.5999999046325684,3.5999999046325684,-0.9224592471407104,-0.826452034781,-0.03000020980834961
2019-01-08,3.660000085830689,3.890000104904175,3.5199999809265137,3.890000104904175,3.890000104904175,-0.8166635465508071,8.055561332055227,0.29000020027160645
2019-01-09,3.9700000286102295,4.059999942779541,3.640000104904175,4.0,4.0,-0.7020515375784118,2.827760723120476,0.1099998950958252
2019-01-10,4.0,4.0,3.5999999046325684,3.660000085830689,3.660000085830689,-0.7858064672120852,-8.499997854232777,-0.3399999141693111
2019-01-11,3.660000085830689,3.920000076293945,3.619999885559082,3.920000076293945,3.920000076293945,-0.9334796326188253,7.103824709453388,0.25999999046325595
2019-01-14,3.660000085830689,3.660000085830689,3.25,3.359999895095825,3.359999895095825,-0.06948141113461494,-14.285718630076062,-0.5600001811981197
2019-01-15,3.359999895095825,3.400000095367432,3.049999952316284,3.3399999141693115,3.3399999141693115,-0.8739695510370047,-0.5952375461590109,-0.019999980926513672
2019-01-16,3.4200000762939453,3.4200000762939453,3.2699999809265137,3.3399999141693115,3.3399999141693115,-0.8607450884632668,0.0,0.0
2019-01-17,3.309999942779541,3.309999942779541,3.299999952316284,3.299999952316284,3.299999952316284,-0.9224592471407104,-1.197603679070025,-0.039999961853027344
2019-01-18,3.299999952316284,3.359999895095825,3.299999952316284,3.3399999141693115,3.3399999141693115,-0.7174800772477727,1.2121200736670001,0.039999961853027344
2019-01-22,3.3499999046325684,3.3499999046325684,3.299999952316284,3.309999942779541,3.309999942779541,-0.827683932028922,-0.8982027593025133,-0.029999971389770508
2019-01-23,3.240000009536743,3.3499999046325684,3.0799999237060547,3.150000095367432,3.150000095367432,-0.8365002404114139,-4.833832331663146,-0.15999984741210893
2019-01-24,3.150000095367432,3.150000095367432,2.809999942779541,2.8499999046325684,2.8499999046325684,-0.5411539095979339,-9.523815290547477,-0.3000001907348637
2019-01-25,2.8499999046325684,3.0,2.799999952316284,2.799999952316284,2.799999952316284,-0.7395208482040025,-1.7543843505051004,-0.04999995231628418
2019-01-28,2.940000057220459,3.0,2.940000057220459,3.0,3.0,-0.9202551700450874,7.142858967489163,0.20000004768371582
2019-01-29,3.059999942779541,3.289999961853028,3.0199999809265137,3.039999961853028,3.039999961853028,-0.5609906034585407,1.3333320617676003,0.03999996185302779
2019-01-30,3.039999961853028,3.289999961853028,3.039999961853028,3.220000028610229,3.220000028610229,-0.8761736281326277,5.921054901838962,0.18000006675720126
2019-01-31,3.190000057220459,3.400000095367432,3.190000057220459,3.259999990463257,3.259999990463257,-0.827683932028922,1.2422348291186713,0.03999996185302779
2019-02-01,3.390000104904175,3.390000104904175,3.039999961853028,3.180000066757202,3.180000066757202,-0.8144594694551841,-2.453985396935121,-0.07999992370605469
2019-02-04,3.1600000858306885,3.1600000858306885,3.039999961853028,3.069999933242798,3.069999933242798,-0.8783777052282506,-3.459123622804716,-0.1100001335144043
2019-02-05,2.9800000190734863,3.0,2.75,2.809999942779541,2.809999942779541,-0.6337251476140993,-8.46905524810948,-0.25999999046325684
2019-02-06,2.75,2.900000095367432,2.5999999046325684,2.5999999046325684,2.5999999046325684,-0.525725369928573,-7.473311118264614,-0.21000003814697266
2019-02-07,2.5999999046325684,3.059999942779541,2.5899999141693115,2.5899999141693115,2.5899999141693115,-0.7130719230565268,-0.3846150319251618,-0.009999990463256836
2019-02-08,2.5199999809265137,2.5999999046325684,2.259999990463257,2.450000047683716,2.450000047683716,-0.7769901588295933,-5.4054004295400855,-0.1399998664855957
2019-02-11,2.430000066757202,2.5799999237060547,2.369999885559082,2.4200000762939453,2.4200000762939453,-0.5411539095979339,-1.2244886043219938,-0.029999971389770508
2019-02-12,2.470000028610229,2.690000057220459,2.470000028610229,2.6600000858306885,2.6600000858306885,-0.508092753163589,9.917355453322374,0.24000000953674316
2019-02-13,2.640000104904175,2.6700000762939453,2.400000095367432,2.509999990463257,2.509999990463257,-0.43095005481678456,-5.639101147644821,-0.15000009536743164
2019-02-14,2.630000114440918,2.640000104904175,2.400000095367432,2.4100000858306885,2.4100000858306885,-0.7240923085346417,-3.9840599606580818,-0.09999990463256836
2019-02-15,2.400000095367432,2.470000028610229,2.369999885559082,2.369999885559082,2.369999885559082,-0.8387043175070369,-1.6597592882582446,-0.040000200271606445
2019-02-19,2.400000095367432,2.5,2.299999952316284,2.390000104904175,2.390000104904175,-0.6271129163272303,0.843891152356524,0.020000219345092773
2019-02-20,2.400000095367432,2.490000009536743,2.299999952316284,2.299999952316284,2.299999952316284,-0.8387043175070369,-3.7656965957120425,-0.09000015258789062
2019-02-21,2.4200000762939453,2.450000047683716,2.299999952316284,2.3499999046325684,2.3499999046325684,-0.8651532426545128,2.1739110153428554,0.04999995231628418
2019-02-22,2.400000095367432,2.400000095367432,2.309999942779541,2.3499999046325684,2.3499999046325684,-0.8916021678019885,0.0,0.0
2019-02-25,2.7300000190734863,2.7300000190734863,2.3499999046325684,2.5,2.5,-0.2876850436012905,6.382983040626322,0.15000009536743164
2019-02-26,2.5899999141693115,2.5999999046325684,2.3499999046325684,2.4800000190734863,2.4800000190734863,-0.2480116558800768,-0.7999992370605447,-0.019999980926513672
2019-02-27,2.549999952316284,2.5899999141693115,2.3499999046325684,2.5899999141693115,2.5899999141693115,-0.5565824492672947,4.435479606847759,0.1099998950958252
2019-02-28,2.5899999141693115,2.5899999141693115,2.359999895095825,2.359999895095825,2.359999895095825,-0.6689903811440671,-8.880309911023843,-0.23000001907348633
2019-03-01,2.450000047683716,2.5199999809265137,2.450000047683716,2.4800000190734863,2.4800000190734863,-0.6469496101878371,5.084751242024477,0.12000012397766113
2019-03-04,2.440000057220459,2.509999990463257,2.359999895095825,2.400000095367432,2.400000095367432,-0.8365002404114139,-3.2258033504347194,-0.07999992370605424
2019-03-05,2.440000057220459,2.490000009536743,2.200000047683716,2.200000047683716,2.200000047683716,-0.7747860817339703,-8.33333498901786,-0.20000004768371626
2019-03-06,2.2100000381469727,2.440000057220459,2.2100000381469727,2.440000057220459,2.440000057220459,-0.7262963856302647,10.909091106131052,0.24000000953674316
2019-03-07,2.299999952316284,2.440000057220459,2.25,2.3399999141693115,2.3399999141693115,-0.9004184761844806,-4.098366422378829,-0.10000014305114746
2019-03-08,2.400000095367432,2.400000095367432,2.25,2.25,2.25,-0.8365002404114139,-3.846150319251662,-0.08999991416931152
2019-03-11,2.2799999713897705,2.380000114440918,2.200000047683716,2.380000114440918,2.380000114440918,-0.6116843766578695,5.7777828640408035,0.13000011444091797
2019-03-12,2.400000095367432,2.4200000762939453,2.049999952316284,2.299999952316284,2.299999952316284,-0.5389498325023109,-3.3613511881459113,-0.08000016212463379
2019-03-13,2.190000057220459,2.319999933242798,2.0999999046325684,2.319999933242798,2.319999933242798,-0.7042556146740347,0.8695644061371466,0.019999980926513672
2019-03-14,2.259999990463257,2.470000028610229,2.119999885559082,2.299999952316284,2.299999952316284,-0.17307303462889526,-0.8620681681899223,-0.019999980926513672
2019-03-15,2.3399999141693115,2.3499999046325684,2.200000047683716,2.299999952316284,2.299999952316284,-0.7593575420646095,0.0,0.0
2019-03-18,2.319999933242798,2.319999933242798,2.119999885559082,2.25,2.25,-0.7549493878733635,-2.1739110153428554,-0.04999995231628418
2019-03-19,2.3499999046325684,2.5,2.0899999141693115,2.390000104904175,2.390000104904175,-0.6513577643790831,6.222226884629989,0.1400001049041748
2019-03-20,2.390000104904175,2.390000104904175,2.369999885559082,2.369999885559082,2.369999885559082,-0.8673573197501357,-0.8368292245700459,-0.020000219345092773
2019-03-21,2.369999885559082,2.380000114440918,2.190000057220459,2.309999942779541,2.309999942779541,-0.7307045398215106,-2.5316432775011277,-0.059999942779541016
2019-03-22,2.289999961853028,2.450000047683716,2.289999961853028,2.400000095367432,2.400000095367432,-0.4728275196336213,3.8961105981499378,0.09000015258789107
2019-03-25,2.369999885559082,2.390000104904175,2.25,2.25,2.25,-0.6249088392316073,-6.250003725290165,-0.15000009536743208
2019-03-26,2.25,2.569999933242798,2.2100000381469727,2.2699999809265137,2.2699999809265137,1.0039041344337791,0.8888880411783928,0.019999980926513672
2019-03-27,2.2699999809265137,2.400000095367432,2.049999952316284,2.150000095367432,2.150000095367432,-0.22376680782822392,-5.286338615302677,-0.11999988555908159
2019-03-28,2.140000104904175,2.140000104904175,1.7999999523162842,1.919999957084656,1.919999957084656,-0.17748118882014124,-10.697680375845254,-0.2300001382827761
2019-03-29,1.870000004768372,1.9900000095367432,1.870000004768372,1.9900000095367432,1.9900000095367432,-0.7703779275427244,3.6458361467036626,0.07000005245208718
2019-04-01,2.069999933242798,2.0899999141693115,1.809999942779541,1.8799999952316284,1.8799999952316284,-0.37364405033058695,-5.527638883314479,-0.11000001430511475
2019-04-02,1.830000042915344,1.940000057220459,1.7999999523162842,1.8600000143051147,1.8600000143051147,-0.5918476827972625,-1.063828775385156,-0.019999980926513672
2019-04-03,1.8600000143051147,1.8799999952316284,1.7999999523162842,1.8200000524520876,1.8200000524520876,-0.5698069118410327,-2.1505355669564796,-0.03999996185302712
2019-04-04,1.8200000524520876,1.909999966621399,1.7999999523162842,1.7999999523162842,1.7999999523162842,-0.7659697733514784,-1.0989065691980215,-0.020000100135803445
2019-04-05,1.7999999523162842,1.9900000095367432,1.7699999809265137,1.9800000190734863,1.9800000190734863,-0.7086637688652808,10.00000397364309,0.18000006675720215
2019-04-08,2.009999990463257,2.150000095367432,2.0,2.0799999237060547,2.0799999237060547,-0.2480116558800768,5.050500185316253,0.09999990463256836
2019-04-09,2.039999961853028,2.069999933242798,1.809999942779541,1.840000033378601,1.840000033378601,-0.6072762224666234,-11.538456688971033,-0.2399998903274536
2019-04-10,1.8799999952316284,2.059999942779541,1.830000042915344,1.9700000286102293,1.9700000286102293,-0.8673573197501357,7.0652170039868345,0.1299999952316282
2019-04-11,1.950000047683716,1.9800000190734863,1.8799999952316284,1.919999957084656,1.919999957084656,-0.7152760001521498,-2.5380746598692494,-0.050000071525573286
2019-04-12,1.9800000190734863,2.5,1.9600000381469729,2.289999961853028,2.289999961853028,3.0801447585106314,19.270834012422732,0.3700000047683718
2019-04-15,2.309999942779541,2.309999942779541,1.7899999618530271,2.0899999141693115,2.0899999141693115,0.6490477220384784,-8.73362668189216,-0.20000004768371626
2019-04-16,2.0799999237060547,2.0799999237060547,1.8600000143051147,1.950000047683716,1.950000047683716,-0.5499702179804258,-6.698558480144223,-0.13999986648559548
2019-04-17,1.870000004768372,2.150000095367432,1.870000004768372,1.9600000381469729,1.9600000381469729,-0.5433579866935568,0.5128200112166859,0.009999990463256836
2019-04-18,1.9700000286102293,2.0799999237060547,1.899999976158142,2.0799999237060547,2.0799999237060547,-0.7571534649689865,6.122443021609958,0.11999988555908181
2019-04-22,2.109999895095825,2.240000009536743,1.9600000381469729,1.9700000286102293,1.9700000286102293,-0.35380735646998007,-5.288456688971044,-0.10999989509582542
2019-04-23,2.130000114440918,2.200000047683716,1.75,1.850000023841858,1.850000023841858,0.2170486112963732,-6.09137071196022,-0.12000000476837136
2019-04-24,1.940000057220459,1.940000057220459,1.7599999904632568,1.8899999856948853,1.8899999856948853,-0.7968268526902001,2.1621600722988132,0.039999961853027344
2019-04-25,1.8600000143051147,1.940000057220459,1.75,1.7799999713897705,1.7799999713897705,-0.7108678459609038,-5.820106621041676,-0.11000001430511475
2019-04-26,1.7000000476837158,1.7799999713897705,1.6699999570846558,1.6799999475479126,1.6799999475479126,-0.5543783721716717,-5.617978957818792,-0.10000002384185791
2019-04-29,1.6699999570846558,1.75,1.5,1.6200000047683716,1.6200000047683716,-0.43756228610365355,-3.5714252769540544,-0.059999942779541016
2019-04-30,1.6399999856948853,1.7000000476837158,1.5399999618530271,1.7000000476837158,1.7000000476837158,-0.7880105443077082,4.938274239498086,0.08000004291534424
2019-05-01,1.7300000190734863,1.7400000095367432,1.5800000429153442,1.7400000095367432,1.7400000095367432,-0.9202551700450874,2.352938866532872,0.039999961853027344
2019-05-02,1.7100000381469729,1.7100000381469729,1.6100000143051147,1.649999976158142,1.649999976158142,-0.6976433833871658,-5.172415683064424,-0.09000003337860107
2019-05-03,1.7300000190734863,1.7300000190734863,1.5499999523162842,1.690000057220459,1.690000057220459,-0.519113138641704,2.424247372139554,0.040000081062316895
2019-05-06,1.7000000476837158,1.7799999713897705,1.5700000524520874,1.7000000476837158,1.7000000476837158,-0.1532363407682884,0.5917153919925866,0.009999990463256836
2019-05-07,1.7100000381469729,2.0799999237060547,1.7100000381469729,2.0,2.0,3.0823488356062545,17.647055523618384,0.2999999523162842
2019-05-09,2.059999942779541,2.059999942779541,1.7999999523162842,1.9900000095367432,1.9900000095367432,0.3228443118862765,-0.4999995231628418,-0.009999990463256836
2019-05-10,1.899999976158142,1.9900000095367432,1.850000023841858,1.8899999856948853,1.8899999856948853,0.17957930067078245,-5.025126802141933,-0.10000002384185791
2019-05-13,1.809999942779541,1.8200000524520876,1.7000000476837158,1.7200000286102295,1.7200000286102295,3.0448795249806637,-8.994706792135387,-0.16999995708465576
2019-05-14,2.0,2.150000095367432,1.7999999523162842,1.850000023841858,1.850000023841858,2.273452541512619,7.55813913193184,0.12999999523162842
2019-05-15,1.899999976158142,2.140000104904175,1.850000023841858,1.9800000190734863,1.9800000190734863,2.7847984276971514,7.027026678716464,0.12999999523162842
2019-05-16,1.8799999952316284,1.9700000286102293,1.830000042915344,1.830000042915344,1.830000042915344,-0.01217540664841731,-7.575756298645531,-0.1499999761581423
2019-05-17,1.870000004768372,2.0199999809265137,1.7400000095367432,1.909999966621399,1.909999966621399,0.20602822581825828,4.3715804278675385,0.07999992370605491
2019-05-20,1.8799999952316284,1.8899999856948853,1.6399999856948853,1.6399999856948853,1.6399999856948853,3.4967153295833757,-14.136124902877189,-0.26999998092651367
2019-05-23,1.3600000143051147,1.4199999570846558,1.340000033378601,1.409999966621399,1.409999966621399,0.6314151052734945,-14.024391529249492,-0.23000001907348633
2019-05-24,1.399999976158142,1.4299999475479126,1.3899999856948853,1.3899999856948853,1.3899999856948853,0.1399059129495687,-1.4184383971608927,-0.019999980926513672
2019-05-28,1.4199999570846558,1.4199999570846558,1.340000033378601,1.3600000143051147,1.3600000143051147,-0.15764449495953436,-2.158271345216811,-0.029999971389770508
2019-05-29,1.309999942779541,1.3300000429153442,1.190000057220459,1.2699999809265137,1.2699999809265137,1.325699390394735,-6.617649443524909,-0.09000003337860107
2019-05-30,1.2999999523162842,1.3600000143051147,1.2999999523162842,1.3300000429153442,1.3300000429153442,-0.3956848212868168,4.724414400782773,0.060000061988830566
2019-05-31,1.340000033378601,1.3700000047683716,1.2999999523162842,1.309999942779541,1.309999942779541,0.012069441403435533,-1.5037668789816938,-0.020000100135803223
2019-06-03,1.340000033378601,1.340000033378601,1.2699999809265137,1.2799999713897705,1.2799999713897705,-0.26784834974068367,-2.2900742519207262,-0.029999971389770508
2019-06-04,1.340000033378601,1.340000033378601,1.2799999713897705,1.3300000429153442,1.3300000429153442,-0.38907258999994787,3.9062556752470723,0.05000007152557373
2019-06-05,1.3200000524520874,1.4199999570846558,1.2200000286102295,1.3799999952316284,1.3799999952316284,2.240391385078274,3.7593947896937596,0.04999995231628418
2019-06-06,1.3200000524520874,1.409999966621399,1.3200000524520874,1.3300000429153442,1.3300000429153442,0.11786514199333885,-3.6231849629747126,-0.04999995231628418
2019-06-07,1.350000023841858,1.3600000143051147,1.2699999809265137,1.2999999523162842,1.2999999523162842,-0.48605198220735923,-2.255645836920439,-0.03000009059906006
2019-06-10,1.350000023841858,1.3799999952316284,1.2999999523162842,1.3200000524520874,1.3200000524520874,0.23908938225260307,1.538469297646361,0.020000100135803223
2019-06-11,1.340000033378601,1.350000023841858,1.2100000381469729,1.2100000381469729,1.2100000381469729,1.1868425333704868,-8.333334085917187,-0.11000001430511452
2019-06-12,1.2300000190734863,1.309999942779541,1.2300000190734863,1.2799999713897705,1.2799999713897705,-0.4441745173905225,5.785118267433886,0.06999993324279763
2019-06-13,1.2999999523162842,1.350000023841858,1.2100000381469729,1.2999999523162842,1.2999999523162842,-0.30972581455752035,1.562498544808455,0.019999980926513672
2019-06-14,1.2899999618530271,1.2899999618530271,1.2100000381469729,1.2899999618530271,1.2899999618530271,-0.4882560593029822,-0.7692300638503458,-0.009999990463257058
2019-06-17,1.2999999523162842,1.2999999523162842,0.9800000190734864,1.2999999523162842,1.2999999523162842,2.66577826453351,0.775193082090686,0.009999990463257058
2019-06-18,1.190000057220459,1.2999999523162842,1.190000057220459,1.2300000190734863,1.2300000190734863,-0.04744064017838508,-5.384610446952321,-0.06999993324279785
2019-06-19,1.190000057220459,1.2899999618530271,1.190000057220459,1.2899999618530271,1.2899999618530271,-0.3361747397049962,4.8780440527746105,0.059999942779540794
2019-06-20,1.2100000381469729,1.3200000524520874,1.2100000381469729,1.3200000524520874,1.3200000524520874,-0.5874395286060166,2.3255884873024657,0.03000009059906028
2019-06-21,1.3200000524520874,1.350000023841858,1.25,1.25,1.25,-0.4243378235299156,-5.303034065949652,-0.0700000524520874
2019-06-24,1.2799999713897705,1.2799999713897705,1.25,1.25,1.25,-0.8100513152639381,0.0,0.0
2019-06-25,1.25,1.2699999809265137,1.090000033378601,1.1100000143051147,1.1100000143051147,0.34488508284250635,-11.19999885559082,-0.13999998569488525
2019-06-26,1.3200000524520874,1.3200000524520874,1.149999976158142,1.149999976158142,1.149999976158142,0.5961498717435267,3.6036001204980295,0.039999961853027344
2019-06-27,1.159999966621399,1.2999999523162842,1.159999966621399,1.190000057220459,1.190000057220459,0.7989249645408414,3.4782679905739577,0.040000081062316895
2019-06-28,1.149999976158142,1.2000000476837158,1.149999976158142,1.159999966621399,1.159999966621399,-0.1356037240033045,-2.5210158955061512,-0.03000009059906006
2019-07-01,1.190000057220459,1.25,1.1399999856948853,1.159999966621399,1.159999966621399,-0.680010766622182,0.0,0.0
2019-07-02,1.190000057220459,1.25,1.1299999952316284,1.1399999856948853,1.1399999856948853,-0.19290972848950214,-1.7241363363798556,-0.019999980926513672
2019-07-03,1.2200000286102295,1.2999999523162842,1.1299999952316284,1.2300000190734863,1.2300000190734863,-0.508092753163589,7.894739869118661,0.09000003337860107
2019-07-05,1.2300000190734863,1.2999999523162842,1.2300000190734863,1.2599999904632568,1.2599999904632568,-0.5521742950760488,2.4390220263873053,0.029999971389770508
2019-07-08,1.2799999713897705,1.2999999523162842,1.2400000095367432,1.2400000095367432,1.2400000095367432,-0.6998474604827888,-1.587300085546861,-0.019999980926513672
2019-07-09,1.2300000190734863,1.2899999618530271,1.149999976158142,1.159999966621399,1.159999966621399,0.29639538673880067,-6.451616314521791,-0.08000004291534424
2019-07-10,1.2300000190734863,1.2899999618530271,1.1799999475479126,1.2899999618530271,1.2899999618530271,-0.5323376012154419,11.2068964631322,0.1299999952316282
2019-07-11,1.2999999523162842,1.2999999523162842,1.1699999570846558,1.1799999475479126,1.1799999475479126,0.22806899677448814,-8.527133144027733,-0.11000001430511452
2019-07-12,1.1799999475479126,1.2000000476837158,1.1299999952316284,1.1399999856948853,1.1399999856948853,-0.18629749720263317,-3.389827426361236,-0.039999961853027344
2019-07-15,1.1799999475479126,1.1799999475479126,1.0099999904632568,1.1399999856948853,1.1399999856948853,0.7129659578115449,0.0,0.0
2019-07-16,1.090000033378601,1.1299999952316284,1.0800000429153442,1.100000023841858,1.100000023841858,-0.5962558369885085,-3.508768627628134,-0.039999961853027344
2019-07-17,1.0700000524520874,1.1399999856948853,1.0700000524520874,1.1399999856948853,1.1399999856948853,-0.17086895753327228,3.6363600896410553,0.039999961853027344
2019-07-18,1.1200000047683716,1.149999976158142,1.1200000047683716,1.1399999856948853,1.1399999856948853,-0.52352129283295,0.0,0.0
2019-07-19,1.1399999856948853,1.159999966621399,1.1200000047683716,1.1200000047683716,1.1200000047683716,0.35370139122499833,-1.7543843138140613,-0.019999980926513672
2019-07-22,1.149999976158142,1.159999966621399,1.1100000143051147,1.1100000143051147,1.1100000143051147,-0.4287459777211616,-0.8928562875609058,-0.009999990463256836
2019-07-23,1.1100000143051147,1.1200000047683716,1.1100000143051147,1.1100000143051147,1.1100000143051147,-0.8144594694551841,0.0,0.0
2019-07-24,1.1100000143051147,1.1200000047683716,1.0499999523162842,1.090000033378601,1.090000033378601,0.0781917542721251,-1.8018000602490147,-0.019999980926513672
2019-07-25,1.090000033378601,1.100000023841858,1.0399999618530271,1.0399999618530271,1.0399999618530271,0.6049661801260187,-4.587162384811316,-0.05000007152557395
2019-07-26,1.0399999618530271,1.0499999523162842,0.949999988079071,1.0499999523162842,1.0499999523162842,1.2750056171954063,0.9615375798129433,0.009999990463257058
2019-07-29,1.0199999809265137,1.0199999809265137,0.8999999761581421,0.9700000286102296,0.9700000286102296,-0.24580757878445378,-7.6190406989615544,-0.07999992370605458
2019-07-30,1.0,1.0099999904632568,0.9300000071525574,0.959999978542328,0.959999978542328,-0.6205006850403614,-1.0309329662834377,-0.010000050067901611
2019-07-31,0.9200000166893004,0.949999988079071,0.8999999761581421,0.8999999761581421,0.8999999761581421,-0.34719512518311113,-6.250000388051092,-0.0600000023841859
2019-08-01,0.9300000071525574,0.9300000071525574,0.800000011920929,0.8299999833106995,0.8299999833106995,2.0221877526115986,-7.777777189089907,-0.06999999284744263
2019-08-02,0.8100000023841858,0.8999999761581421,0.8100000023841858,0.8399999737739563,0.8399999737739563,0.03411021235966539,1.2048181523292234,0.009999990463256836
2019-08-05,0.8600000143051147,0.8600000143051147,0.7599999904632568,0.8299999833106995,0.8299999833106995,1.3477401613509647,-1.1904750923180218,-0.009999990463256836
2019-08-06,0.8399999737739563,0.9900000095367432,0.8399999737739563,0.9200000166893004,0.9200000166893004,-0.16205264915078033,10.843377733528303,0.09000003337860096
2019-08-07,0.9200000166893004,1.100000023841858,0.8500000238418579,0.9700000286102296,0.9700000286102296,-0.1510322636726654,5.434783805858889,0.05000001192092918
2019-08-08,0.949999988079071,1.1100000143051147,0.9200000166893004,0.9900000095367432,0.9900000095367432,0.247905690635095,2.0618536429497514,0.01999998092651356
2019-08-09,1.090000033378601,1.2999999523162842,1.0,1.0700000524520874,1.0700000524520874,0.9135369735132367,8.080812337848275,0.08000004291534424
2019-08-12,1.0800000429153442,1.2000000476837158,0.949999988079071,1.100000023841858,1.100000023841858,0.43745632085867175,2.8037355064628677,0.029999971389770508
2019-08-13,1.0399999618530271,1.100000023841858,0.949999988079071,0.949999988079071,0.949999988079071,-0.45739897996426043,-13.636366591965787,-0.15000003576278687
2019-08-14,0.949999988079071,1.0499999523162842,0.949999988079071,1.0099999904632568,1.0099999904632568,0.06717136879401017,6.31578980390386,0.06000000238418579
2019-08-15,1.0499999523162842,1.2000000476837158,0.9800000190734864,1.1200000047683716,1.1200000047683716,2.262432156034504,10.891090628096055,0.11000001430511475
2019-08-16,1.059999942779541,1.1100000143051147,1.0199999809265137,1.090000033378601,1.090000033378601,-0.4243378235299156,-2.6785688626827175,-0.029999971389770508
2019-08-19,1.0499999523162842,1.2000000476837158,1.0499999523162842,1.149999976158142,1.149999976158142,2.081697834193419,5.504581737815473,0.059999942779541016
2019-08-20,1.149999976158142,1.1799999475479126,1.1200000047683716,1.1799999475479126,1.1799999475479126,0.1575385297145526,2.6086932184114398,0.029999971389770508
2019-08-21,1.1799999475479126,1.3300000429153442,1.149999976158142,1.2899999618530271,1.2899999618530271,3.4856949441052607,9.322035524975991,0.11000001430511452
2019-08-22,1.309999942779541,1.3300000429153442,1.090000033378601,1.090000033378601,1.090000033378601,0.48374193986675446,-15.503870882843685,-0.19999992847442605
2019-08-23,1.100000023841858,1.2000000476837158,1.100000023841858,1.1399999856948853,1.1399999856948853,-0.034216177604647166,4.5871514481795606,0.04999995231628418
2019-08-26,1.1399999856948853,1.1399999856948853,1.0099999904632568,1.0299999713897705,1.0299999713897705,0.04292652074215733,-9.649124182932722,-0.11000001430511475
2019-08-27,1.0,1.0299999713897705,0.9700000286102296,0.9800000190734864,0.9800000190734864,1.48439294127959,-4.8543644373911565,-0.04999995231628407
2019-08-28,1.0099999904632568,1.1200000047683716,0.949999988079071,1.0,1.0,-0.009971329552794323,2.0408143405366452,0.01999998092651356
2019-08-29,0.9700000286102296,1.0399999618530271,0.9700000286102296,1.0199999809265137,1.0199999809265137,-0.31633804584438935,1.9999980926513672,0.019999980926513672
2019-08-30,0.9800000190734864,1.0499999523162842,0.9800000190734864,1.0199999809265137,1.0199999809265137,-0.52352129283295,0.0,0.0
2019-09-03,0.9800000190734864,1.0800000429153442,0.9800000190734864,1.0,1.0,0.21264045710512722,-1.960782480441492,-0.019999980926513672
2019-09-04,0.959999978542328,1.0700000524520874,0.949999988079071,1.0099999904632568,1.0099999904632568,-0.6645822269528211,0.9999990463256836,0.009999990463256836
2019-09-05,1.0,1.0499999523162842,0.949999988079071,0.9800000190734864,0.9800000190734864,-0.210542345254486,-2.970294225053438,-0.029999971389770397
2019-09-06,1.0,1.0399999618530271,0.9700000286102296,1.0299999713897705,1.0299999713897705,0.027497981072796433,5.102035851341635,0.04999995231628407
2019-09-09,1.0,1.0199999809265137,0.949999988079071,0.959999978542328,0.959999978542328,0.11345698780209287,-6.7961159992064974,-0.06999999284744252
2019-09-10,0.949999988079071,0.9800000190734864,0.8600000143051147,0.9100000262260436,0.9100000262260436,0.31402800350378457,-5.208328482694835,-0.0499999523162844
2019-09-11,0.9100000262260436,0.949999988079071,0.8600000143051147,0.949999988079071,0.949999988079071,-0.3780522045218329,4.395600076948947,0.039999961853027455
2019-09-12,0.9300000071525574,0.949999988079071,0.9100000262260436,0.949999988079071,0.949999988079071,-0.6182966079447384,0.0,0.0
2019-09-13,0.8999999761581421,0.9800000190734864,0.8999999761581421,0.9399999976158142,0.9399999976158142,-0.05184879436963105,-1.052630588288439,-0.009999990463256836
2019-09-16,0.949999988079071,0.949999988079071,0.8299999833106995,0.8700000047683716,0.8700000047683716,2.542349947178623,-7.446807768615782,-0.06999999284744263
2019-09-17,0.8199999928474426,0.8600000143051147,0.7699999809265137,0.8399999737739563,0.8399999737739563,1.1978629188486019,-3.448279405745802,-0.030000030994415283
2019-09-18,0.8399999737739563,0.9300000071525574,0.699999988079071,0.9200000166893004,0.9200000166893004,1.8480656620573825,9.523814930126662,0.08000004291534413
2019-09-19,0.9200000166893004,0.949999988079071,0.9100000262260436,0.9200000166893004,0.9200000166893004,-0.525725369928573,0.0,0.0
2019-09-20,0.9100000262260436,0.949999988079071,0.8500000238418579,0.9399999976158142,0.9399999976158142,0.4815378627711315,2.1739109308373195,0.019999980926513783
2019-09-23,0.9399999976158142,0.9399999976158142,0.8700000047683716,0.8999999761581421,0.8999999761581421,0.10464067941960092,-4.2553214424603025,-0.04000002145767212
2019-09-24,0.8999999761581421,0.9200000166893004,0.8500000238418579,0.8799999952316284,0.8799999952316284,-0.6094802995622464,-2.222220161814692,-0.019999980926513672
2019-09-25,0.8799999952316284,0.9399999976158142,0.8500000238418579,0.8999999761581421,0.8999999761581421,0.25451792192196393,2.272725117600638,0.019999980926513672
2019-09-26,0.9100000262260436,1.0,0.9100000262260436,1.0,1.0,0.047334674933403306,11.11111405455043,0.10000002384185791
2019-09-27,1.0,1.0,0.9100000262260436,0.949999988079071,0.949999988079071,-0.35821551066122603,-5.0000011920928955,-0.050000011920928955
2019-09-30,0.8999999761581421,0.949999988079071,0.8700000047683716,0.8999999761581421,0.8999999761581421,-0.7262963856302647,-5.26315921561541,-0.050000011920928955
2019-10-01,0.9200000166893004,0.9399999976158142,0.8299999833106995,0.8399999737739563,0.8399999737739563,0.0032531330209435907,-6.666667108182567,-0.06000000238418579
2019-10-02,0.8600000143051147,0.8999999761581421,0.8399999737739563,0.8399999737739563,0.8399999737739563,-0.6006639911797544,0.0,0.0
2019-10-03,0.8700000047683716,0.8999999761581421,0.8399999737739563,0.8999999761581421,0.8999999761581421,-0.5984599140841315,7.1428576496993745,0.06000000238418579
2019-10-04,0.8899999856948853,0.8999999761581421,0.8299999833106995,0.8700000047683716,0.8700000047683716,-0.7218882314390187,-3.3333302427220435,-0.029999971389770508
2019-10-07,0.8399999737739563,0.8999999761581421,0.800000011920929,0.8399999737739563,0.8399999737739563,-0.6822148437178049,-3.448279405745802,-0.030000030994415283
2019-10-08,0.8600000143051147,0.8999999761581421,0.8100000023841858,0.8500000238418579,0.8500000238418579,-0.5521742950760488,1.1904821881092875,0.010000050067901611
2019-10-09,0.8299999833106995,0.8799999952316284,0.8299999833106995,0.8799999952316284,0.8799999952316284,-0.7152760001521498,3.529408299799286,0.029999971389770508
2019-10-10,0.8799999952316284,0.8799999952316284,0.8100000023841858,0.8100000023841858,0.8100000023841858,-0.6844189208134279,-7.9545446848573675,-0.06999999284744263
2019-10-11,0.800000011920929,0.8399999737739563,0.6899999976158142,0.8299999833106995,0.8299999833106995,0.6027621030303957,2.4691334404499887,0.019999980926513672
2019-10-14,0.800000011920929,0.8299999833106995,0.7799999713897705,0.8100000023841858,0.8100000023841858,-0.821071700742053,-2.409636304658447,-0.019999980926513672
2019-10-15,0.8199999928474426,0.8299999833106995,0.7799999713897705,0.8199999928474426,0.8199999928474426,-0.5962558369885085,1.2345667202249944,0.009999990463256836
2019-10-16,0.7799999713897705,0.8600000143051147,0.7699999809265137,0.8299999833106995,0.8299999833106995,-0.18629749720263317,1.2195110427418276,0.009999990463256836
2019-10-17,0.8100000023841858,0.8600000143051147,0.7699999809265137,0.8399999737739563,0.8399999737739563,-0.3978888983824398,1.2048181523292234,0.009999990463256836
2019-10-18,0.8299999833106995,0.8399999737739563,0.800000011920929,0.800000011920929,0.800000011920929,-0.4551949028686374,-4.761900369272077,-0.039999961853027344
2019-10-21,0.7799999713897705,0.8500000238418579,0.7699999809265137,0.7799999713897705,0.7799999713897705,0.06055913750714122,-2.5000050291418274,-0.020000040531158447
2019-10-22,0.800000011920929,0.800000011920929,0.7799999713897705,0.800000011920929,0.800000011920929,-0.4640112112511294,2.5641078544558438,0.020000040531158447
2019-10-23,0.800000011920929,0.800000011920929,0.75,0.7699999809265137,0.7699999809265137,0.6314151052734945,-3.750003818422498,-0.030000030994415283
2019-10-24,0.7799999713897705,0.8999999761581421,0.7599999904632568,0.8700000047683716,0.8700000047683716,-0.41111336095617773,12.987016405056462,0.10000002384185791
2019-10-25,0.8999999761581421,0.949999988079071,0.8100000023841858,0.9200000166893004,0.9200000166893004,0.9267614360869746,5.7471277755039685,0.050000011920928844
2019-10-28,0.949999988079071,0.9900000095367432,0.9200000166893004,0.9800000190734864,0.9800000190734864,1.0612101389199766,6.521739271277549,0.06000000238418601
2019-10-29,0.9700000286102296,0.9700000286102296,0.8100000023841858,0.8500000238418579,0.8500000238418579,1.0810468327805836,-13.265305377701253,-0.12999999523162853
2019-10-30,0.9100000262260436,0.9100000262260436,0.8299999833106995,0.8500000238418579,0.8500000238418579,-0.36482774194809503,0.0,0.0
2019-10-31,0.8199999928474426,0.9399999976158142,0.8199999928474426,0.9100000262260436,0.9100000262260436,-0.6689903811440671,7.058823611909526,0.06000000238418568
2019-11-01,0.949999988079071,0.949999988079071,0.8500000238418579,0.8700000047683716,0.8700000047683716,0.21043638000950424,-4.395606626909698,-0.04000002145767201
2019-11-04,0.8999999761581421,0.8999999761581421,0.8100000023841858,0.8600000143051147,0.8600000143051147,1.636474260877576,-1.1494241848790776,-0.009999990463256836
2019-11-05,0.8500000238418579,0.8600000143051147,0.8199999928474426,0.8500000238418579,0.8500000238418579,0.8914962025570068,-1.1627895694091173,-0.009999990463256836
2019-11-06,0.8500000238418579,0.8899999856948853,0.7900000214576721,0.800000011920929,0.800000011920929,0.46831340019739354,-5.882354178643112,-0.050000011920928955
2019-11-07,0.7699999809265137,0.8299999833106995,0.7699999809265137,0.7699999809265137,0.7699999809265137,-0.18629749720263317,-3.750003818422498,-0.030000030994415283
2019-11-08,0.7699999809265137,0.8799999952316284,0.7300000190734863,0.7599999904632568,0.7599999904632568,3.047083602076287,-1.298700092333016,-0.009999990463256836
2019-11-11,0.800000011920929,0.8399999737739563,0.699999988079071,0.7699999809265137,0.7699999809265137,3.0889610668931233,1.3157882353605599,0.009999990463256836
2019-11-12,0.7799999713897705,0.7799999713897705,0.6499999761581421,0.6899999976158142,0.6899999976158142,0.8033331187320873,-10.38960847952728,-0.07999998331069946
2019-11-13,0.6800000071525574,0.7699999809265137,0.6800000071525574,0.7599999904632568,0.7599999904632568,2.1698609180183386,10.144926534683552,0.06999999284744263
2019-11-14,0.7900000214576721,0.8100000023841858,0.699999988079071,0.7400000095367432,0.7400000095367432,0.8121494271145793,-2.6315764707210976,-0.019999980926513672
2019-11-15,0.7300000190734863,0.7300000190734863,0.699999988079071,0.7300000190734863,0.7300000190734863,0.43745632085867175,-1.351350045186761,-0.009999990463256836
2019-11-18,0.7400000095367432,0.7799999713897705,0.699999988079071,0.7200000286102295,0.7200000286102295,1.8789227413961043,-1.369861671503625,-0.009999990463256836
2019-11-19,0.699999988079071,0.8500000238418579,0.6800000071525574,0.7300000190734863,0.7300000190734863,1.010516365720648,1.3888875091518038,0.009999990463256836
2019-11-20,0.7699999809265137,0.8500000238418579,0.75,0.7799999713897705,0.7799999713897705,0.1994159945313893,6.8493083575181135,0.04999995231628418
2019-11-21,0.8199999928474426,0.8399999737739563,0.7300000190734863,0.75,0.75,-0.08490995080397583,-3.846150319251662,-0.029999971389770508
2019-11-22,0.7300000190734863,0.7799999713897705,0.7099999785423279,0.7400000095367432,0.7400000095367432,-0.07168548823023792,-1.3333320617675781,-0.009999990463256836
2019-11-25,0.75,0.75,0.7300000190734863,0.7400000095367432,0.7400000095367432,-0.40890928386055475,0.0,0.0
2019-11-27,0.800000011920929,0.9900000095367432,0.7300000190734863,0.9800000190734864,0.9800000190734864,2.725288346115331,32.43243330320884,0.24000000953674328
2019-11-29,0.9700000286102296,0.9700000286102296,0.9200000166893004,0.949999988079071,0.949999988079071,-0.8342961633157909,-3.0612275929114863,-0.030000030994415394
2019-12-02,0.9399999976158142,0.9399999976158142,0.800000011920929,0.8700000047683716,0.8700000047683716,0.25451792192196393,-8.421050980480738,-0.07999998331069946
2019-12-03,0.8700000047683716,0.8700000047683716,0.8299999833106995,0.8700000047683716,0.8700000047683716,-0.7483371565864945,0.0,0.0
2019-12-04,0.8700000047683716,0.8700000047683716,0.800000011920929,0.8500000238418579,0.8500000238418579,0.3845584705637201,-2.2988483697581663,-0.019999980926513672
2019-12-05,0.8100000023841858,0.8299999833106995,0.7900000214576721,0.800000011920929,0.800000011920929,-0.6160925308491154,-5.882354178643112,-0.050000011920928955
2019-12-06,0.7799999713897705,0.7799999713897705,0.7400000095367432,0.75,0.75,-0.20613419106324005,-6.25000139698384,-0.050000011920928955
2019-12-09,0.7799999713897705,0.7799999713897705,0.6700000166893005,0.6700000166893005,0.6700000166893005,2.6415334164816575,-10.6666644414266,-0.07999998331069946
2019-12-10,0.7200000286102295,0.7400000095367432,0.6700000166893005,0.6800000071525574,0.6800000071525574,0.9532103612344504,1.492535852860155,0.009999990463256836
2019-12-11,0.6700000166893005,0.6899999976158142,0.6299999952316284,0.6600000262260437,0.6600000262260437,3.807490200066217,-2.9411736347271344,-0.019999980926513672
2019-12-12,0.6700000166893005,0.6700000166893005,0.6200000047683716,0.6399999856948853,0.6399999856948853,0.9884755947644182,-3.0303090509739783,-0.020000040531158447
2019-12-13,0.6299999952316284,0.6399999856948853,0.5600000023841858,0.5899999737739563,0.5899999737739563,3.188144536196158,-7.812502037268176,-0.050000011920928955
2019-12-16,0.5899999737739563,0.6000000238418579,0.5199999809265137,0.550000011920929,0.550000011920929,0.4528848605280327,-6.779654852722472,-0.039999961853027344
2019-12-17,0.550000011920929,0.6499999761581421,0.550000011920929,0.6200000047683716,0.6200000047683716,1.160393608223011,12.72727115095158,0.06999999284744263
2019-12-18,0.6399999856948853,0.6800000071525574,0.6000000238418579,0.6000000238418579,0.6000000238418579,0.9708429779994343,-3.2258033504347416,-0.019999980926513672
2019-12-19,0.6100000143051147,0.6499999761581421,0.6000000238418579,0.6000000238418579,0.6000000238418579,0.1994159945313893,0.0,0.0
2019-12-20,0.6200000047683716,0.6299999952316284,0.5799999833106995,0.5799999833106995,0.5799999833106995,1.0435775221549928,-3.3333399560713795,-0.020000040531158447
2019-12-23,0.6000000238418579,0.6499999761581421,0.5699999928474426,0.5799999833106995,0.5799999833106995,0.8363942751664322,0.0,0.0
2019-12-24,0.6000000238418579,0.6100000143051147,0.5799999833106995,0.6100000143051147,0.6100000143051147,-0.37143997323496397,5.172419285802743,0.030000030994415283
2019-12-26,0.5799999833106995,0.6299999952316284,0.550000011920929,0.550000011920929,0.550000011920929,0.5234153275879682,-9.836065733954968,-0.06000000238418579
2019-12-27,0.5799999833106995,0.6000000238418579,0.5799999833106995,0.5899999737739563,0.5899999737739563,-0.6337251476140993,7.272720179282088,0.039999961853027344
2019-12-30,0.6200000047683716,0.6399999856948853,0.5299999713897705,0.5699999928474426,0.5699999928474426,2.1963098431658143,-3.389827426361236,-0.019999980926513672
2019-12-31,0.5899999737739563,0.6399999856948853,0.5699999928474426,0.6100000143051147,0.6100000143051147,0.24129345934822605,7.017547712211614,0.04000002145767212
2020-01-02,0.6200000047683716,0.6600000262260437,0.6100000143051147,0.6299999952316284,0.6299999952316284,0.5410479443529521,3.278685320900654,0.019999980926513672
2020-01-03,0.6600000262260437,0.6600000262260437,0.6000000238418579,0.6000000238418579,0.6000000238418579,0.47272155438863955,-4.761900256640573,-0.029999971389770508
2020-01-06,0.6000000238418579,0.6600000262260437,0.6000000238418579,0.6200000047683716,0.6200000047683716,1.9891265961772537,3.3333300219643203,0.019999980926513672
2020-01-07,0.6200000047683716,0.6499999761581421,0.6000000238418579,0.6000000238418579,0.6000000238418579,0.11125291070646989,-3.2258033504347416,-0.019999980926513672
2020-01-08,0.6100000143051147,0.6299999952316284,0.6000000238418579,0.6299999952316284,0.6299999952316284,-0.7461330794908715,4.999995032946458,0.029999971389770508
2020-01-13,0.6399999856948853,0.6399999856948853,0.550000011920929,0.5899999737739563,0.5899999737739563,4.0190816012460235,-6.349209803242228,-0.04000002145767212
2020-01-14,0.6000000238418579,0.6000000238418579,0.550000011920929,0.5600000023841858,0.5600000023841858,2.209534305739552,-5.08474113954186,-0.029999971389770508
2020-01-15,0.550000011920929,0.5699999928474426,0.5199999809265137,0.5299999713897705,0.5299999713897705,2.209534305739552,-5.357148369051945,-0.030000030994415283
2020-01-16,0.5299999713897705,0.5600000023841858,0.5299999713897705,0.5400000214576721,0.5400000214576721,1.479984787088344,1.8868020014566111,0.010000050067901611
2020-01-17,0.5400000214576721,0.5400000214576721,0.4799999892711639,0.5,0.5,4.640631342211705,-7.4074110867063165,-0.04000002145767212
2020-01-21,0.5099999904632568,0.5099999904632568,0.449999988079071,0.4900000095367431,0.4900000095367431,1.938432822977925,-1.9999980926513783,-0.009999990463256891
2020-01-22,0.4900000095367431,0.4900000095367431,0.4600000083446502,0.4699999988079071,0.4699999988079071,1.5416989457657875,-4.081634763179798,-0.020000010728836004
2020-01-23,0.4699999988079071,0.4900000095367431,0.4399999976158142,0.449999988079071,0.449999988079071,0.6159865656041336,-4.255321442460314,-0.020000010728836115
2020-01-24,0.449999988079071,0.449999988079071,0.4000000059604645,0.4000000059604645,0.4000000059604645,1.9759021336035159,-11.11110743181194,-0.04999998211860651
2020-01-27,0.4099999964237213,0.4199999868869781,0.3600000143051147,0.3799999952316284,0.3799999952316284,0.5300275588748372,-5.000002607703169,-0.02000001072883606
2020-01-28,0.3899999856948852,0.4199999868869781,0.3899999856948852,0.3899999856948852,0.3899999856948852,-0.3802562816174559,2.6315764707210754,0.00999999046325678
2020-01-29,0.3899999856948852,0.4000000059604645,0.3300000131130218,0.3899999856948852,0.3899999856948852,1.4182706284109003,0.0,0.0
2020-01-30,0.4000000059604645,0.4199999868869781,0.3600000143051147,0.4199999868869781,0.4199999868869781,0.3118239264081616,7.692308280124727,0.030000001192092896
2020-01-31,0.4199999868869781,0.4300000071525574,0.3600000143051147,0.4000000059604645,0.4000000059604645,1.3763931635940636,-4.761900369272065,-0.019999980926513616
2020-02-03,0.4000000059604645,0.4699999988079071,0.3799999952316284,0.3799999952316284,0.3799999952316284,1.4513317848452452,-5.000002607703169,-0.02000001072883606
2020-02-04,0.3799999952316284,0.3899999856948852,0.3400000035762787,0.3600000143051147,0.3600000143051147,-0.08050179661272987,-5.263152941442217,-0.019999980926513727
2020-02-05,0.3799999952316284,0.3899999856948852,0.3600000143051147,0.3799999952316284,0.3799999952316284,-0.519113138641704,5.555550036607193,0.019999980926513727
2020-02-06,0.3799999952316284,0.4099999964237213,0.3799999952316284,0.4000000059604645,0.4000000059604645,-0.09813441337771375,5.263160784158716,0.02000001072883606
2020-02-07,0.3899999856948852,0.4300000071525574,0.3600000143051147,0.3899999856948852,0.3899999856948852,0.9377818215650895,-2.5000050291418385,-0.01000002026557928
2020-02-10,0.3700000047683716,0.4199999868869781,0.3700000047683716,0.4000000059604645,0.4000000059604645,0.9003125109394987,2.564107854455866,0.01000002026557928
2020-02-11,0.4300000071525574,0.4399999976158142,0.3300000131130218,0.4000000059604645,0.4000000059604645,1.77973927209307,0.0,0.0
2020-02-12,0.4000000059604645,0.4099999964237213,0.3799999952316284,0.4000000059604645,0.4000000059604645,1.475576632897098,0.0,0.0
2020-02-13,0.4099999964237213,0.4099999964237213,0.4000000059604645,0.4000000059604645,0.4000000059604645,-0.43535820900803057,0.0,0.0
2020-02-14,0.4300000071525574,0.4300000071525574,0.4000000059604645,0.4099999964237213,0.4099999964237213,-0.3956848212868168,2.4999975785613415,0.009999990463256836
2020-02-18,0.4300000071525574,0.4300000071525574,0.4000000059604645,0.4000000059604645,0.4000000059604645,-0.30090950617502843,-2.4390220854836775,-0.009999990463256836
2020-02-19,0.4000000059604645,0.4099999964237213,0.3700000047683716,0.3899999856948852,0.3899999856948852,0.16635483809704452,-2.5000050291418385,-0.01000002026557928
2020-02-20,0.4099999964237213,0.4399999976158142,0.3700000047683716,0.4199999868869781,0.4199999868869781,-0.37143997323496397,7.692308280124727,0.030000001192092896
2020-02-21,0.4300000071525574,0.4300000071525574,0.3799999952316284,0.4099999964237213,0.4099999964237213,-0.4640112112511294,-2.3809501846360215,-0.00999999046325678
2020-02-24,0.4000000059604645,0.4199999868869781,0.4000000059604645,0.4099999964237213,0.4099999964237213,-0.8497247029851519,0.0,0.0
2020-02-25,0.4300000071525574,0.4300000071525574,0.3600000143051147,0.3899999856948852,0.3899999856948852,0.8011290416364644,-4.878051439826548,-0.020000010728836115
2020-02-26,0.4000000059604645,0.4000000059604645,0.3199999928474426,0.3400000035762787,0.3400000035762787,2.231575076695782,-12.820508705793587,-0.04999998211860651
2020-02-27,0.3400000035762787,0.3499999940395355,0.3100000023841858,0.3100000023841858,0.3100000023841858,0.4815378627711315,-8.823529669570263,-0.030000001192092896
2020-02-28,0.3499999940395355,0.3600000143051147,0.3000000119209289,0.3000000119209289,0.3000000119209289,1.5284744831920496,-3.2258033504347527,-0.009999990463256891
2020-03-02,0.3000000119209289,0.3499999940395355,0.3000000119209289,0.3100000023841858,0.3100000023841858,1.5196581748095577,3.3333300219643203,0.009999990463256891
2020-03-04,0.3700000047683716,0.4099999964237213,0.3499999940395355,0.3799999952316284,0.3799999952316284,0.854026891931416,22.580642680347786,0.06999999284744263
2020-03-05,0.3600000143051147,0.3700000047683716,0.3499999940395355,0.3600000143051147,0.3600000143051147,-0.0915221820908448,-5.263152941442217,-0.019999980926513727
2020-03-06,0.3700000047683716,0.3700000047683716,0.3499999940395355,0.3600000143051147,0.3600000143051147,0.395578856041835,0.0,0.0
2020-03-09,0.3400000035762787,0.3400000035762787,0.2800000011920929,0.2899999916553497,0.2899999916553497,0.704149649429053,-19.444449963392817,-0.07000002264976501
2020-03-10,0.3000000119209289,0.3300000131130218,0.2800000011920929,0.2899999916553497,0.2899999916553497,0.558680561117936,0.0,0.0
2020-03-11,0.25,0.3000000119209289,0.25,0.270000010728836,0.270000010728836,1.1559854540317651,-6.8965453455194,-0.019999980926513672
2020-03-12,0.270000010728836,0.2899999916553497,0.25,0.2599999904632568,0.2599999904632568,0.2655383074000789,-3.703711062301529,-0.010000020265579224
2020-03-13,0.3499999940395355,0.3499999940395355,0.270000010728836,0.270000010728836,0.270000010728836,-0.3031135832706514,3.8461617816837768,0.010000020265579224
2020-03-16,0.270000010728836,0.2800000011920929,0.25,0.270000010728836,0.270000010728836,-0.4265419006255386,0.0,0.0
2020-03-17,0.2599999904632568,0.2800000011920929,0.2599999904632568,0.2599999904632568,0.2599999904632568,-0.32735843132250425,-3.703711062301529,-0.010000020265579224
2020-03-18,0.270000010728836,0.270000010728836,0.25,0.25,0.25,0.37353808508560515,-3.84615031925164,-0.00999999046325678
2020-03-19,0.2800000011920929,0.2899999916553497,0.2599999904632568,0.2599999904632568,0.2599999904632568,-0.367031819043718,3.999996185302712,0.00999999046325678
2020-03-20,0.25,0.3100000023841858,0.25,0.3000000119209289,0.3000000119209289,0.36031362251186727,15.384624201870857,0.04000002145767212
2020-03-23,0.3199999928474426,0.3300000131130218,0.25,0.270000010728836,0.270000010728836,1.5086377893314429,-9.999999999999998,-0.030000001192092896
2020-03-24,0.3100000023841858,0.3100000023841858,0.2800000011920929,0.2899999916553497,0.2899999916553497,-0.7130719230565268,7.407400048809576,0.019999980926513672
2020-03-25,0.3000000119209289,0.3000000119209289,0.270000010728836,0.2899999916553497,0.2899999916553497,0.5057827108229843,0.0,0.0
2020-03-26,0.3000000119209289,0.3000000119209289,0.2899999916553497,0.3000000119209289,0.3000000119209289,0.4594970918149016,3.4482829494228984,0.010000020265579224
2020-03-27,0.3300000131130218,0.3499999940395355,0.2899999916553497,0.3000000119209289,0.3000000119209289,0.9025165880351217,0.0,0.0
2020-03-30,0.3100000023841858,0.3600000143051147,0.3000000119209289,0.3400000035762787,0.3400000035762787,0.5608846382135589,13.33333002196433,0.03999999165534979
2020-03-31,0.3799999952316284,0.3799999952316284,0.3300000131130218,0.3400000035762787,0.3400000035762787,0.7328026516721519,0.0,0.0
2020-04-01,0.3499999940395355,0.3499999940395355,0.2800000011920929,0.2800000011920929,0.2800000011920929,-0.020991715030909252,-17.647059339140526,-0.06000000238418579
