Date,Open,High,Low,Close,Adj Close,Volume,Daily_Return,Adj Close Diff,Price_Diff
2017-12-19,25.299999237060547,25.5,25.299999237060547,25.489999771118164,22.70783805847168,5.935740147530104,,,
2017-12-21,25.450000762939453,25.600000381469727,25.3799991607666,25.599000930786133,22.8049430847168,2.3233683808817625,0.4276277908759063,0.0971050262451207,0.09710502624512074
2017-12-26,25.59000015258789,26.75,25.489999771118164,25.75,22.9394588470459,4.213780548920531,0.5898535323214382,0.134515762329098,0.134515762329098
2017-12-27,25.95499992370605,26.100000381469727,25.78400039672852,26.049999237060547,23.206716537475582,-0.1847032083973969,1.1650566485098324,0.2672576904296839,0.26725769042968395
2017-12-29,25.71999931335449,26.049999237060547,25.71999931335449,26.049999237060547,23.206716537475582,-0.3344388256677945,0.0,0.0,0.0
2018-01-02,25.958999633789062,25.958999633789062,25.958999633789062,25.958999633789062,23.12564849853516,-0.7649287253201874,-0.3493300692043566,-0.0810680389404225,-0.08106803894042258
2018-01-03,25.950000762939453,25.950000762939453,25.600000381469727,25.799999237060547,22.98400115966797,0.2270697390961963,-0.612511856159037,-0.141647338867191,-0.14164733886719105
2018-01-04,25.8799991607666,26.0009994506836,25.700000762939453,25.700000762939453,22.89491844177246,0.2832205955725954,-0.387585770104415,-0.0890827178955078,-0.08908271789550781
2018-01-05,25.70599937438965,25.7810001373291,25.64999961853028,25.7189998626709,22.911842346191406,1.2752190599889792,0.0739199157314685,0.0169239044189453,0.016923904418945312
2018-01-08,25.64999961853028,25.72599983215332,25.5,25.67200088500977,22.86997413635254,-0.1285523519209978,-0.1827361117724635,-0.0418682098388671,-0.04186820983886719
2018-01-09,25.739999771118164,25.739999771118164,25.549999237060547,25.73500061035156,22.92609596252441,-0.0349675911269993,0.2453952323569375,0.0561218261718714,0.05612182617187145
2018-01-10,25.600000381469727,25.64999961853028,25.5,25.600000381469727,22.80583381652832,0.9008800168129854,-0.5245644360586943,-0.1202621459960902,-0.1202621459960902
2018-01-11,25.549999237060547,25.71999931335449,25.51000022888184,25.6259994506836,22.82899284362793,1.5934072466885745,0.1015486970830537,0.0231590270996093,0.023159027099609375
2018-01-12,25.530000686645508,25.75,25.5,25.75,22.9394588470459,6.534682616611693,0.4838846994899448,0.1104660034179687,0.11046600341796875
2018-01-16,25.5,25.700000762939453,25.5,25.5,22.716747283935547,1.874161529070569,-0.9708666825810176,-0.2227115631103515,-0.22271156311035156
2018-01-17,25.5,25.655000686645508,25.482999801635746,25.59499931335449,22.801374435424805,4.344799214032129,0.3725319933857829,0.0846271514892578,0.08462715148925781
2018-01-18,25.625,25.81599998474121,25.3799991607666,25.670000076293945,22.8681869506836,4.101478835967733,0.2930196837388488,0.0668125152587926,0.06681251525879617
2018-01-19,25.459999084472656,25.93000030517578,25.452999114990234,25.89999961853028,23.073087692260746,1.911595433388169,0.8960078121585502,0.2049007415771484,0.20490074157714488
2018-01-22,26.15999984741211,26.15999984741211,25.65999984741211,25.89999961853028,23.073087692260746,0.245786691254996,0.0,0.0,0.0
2018-01-23,25.700000762939453,25.916000366210938,25.700000762939453,25.916000366210938,23.08734130859375,-0.4280235864617929,0.0617759379373694,0.0142536163330042,0.01425361633300426
2018-01-24,25.709999084472656,25.88999938964844,25.600000381469727,25.68000030517578,22.877099990844727,1.5559733423709747,-0.910634598149962,-0.2102413177490234,-0.21024131774902344
2018-01-25,25.84000015258789,25.84000015258789,25.670000076293945,25.670000076293945,22.8681869506836,-0.3344388256677945,-0.0389605333048992,-0.0089130401611292,-0.008913040161125707
2018-01-26,25.51000022888184,25.761999130249023,25.5,25.52199935913086,22.73634529113769,0.1709188826197972,-0.5765286939022674,-0.1318416595459055,-0.1318416595459091
2018-01-29,25.5,25.56399917602539,25.46999931335449,25.46999931335449,22.690019607543945,-0.2595710170325957,-0.2037516716101417,-0.0463256835937464,-0.04632568359374645
2018-01-30,25.36000061035156,25.540000915527344,25.36000061035156,25.540000915527344,22.75238037109375,0.6014087822721902,0.2748378565925469,0.0623607635498046,0.06236076354980469
2018-01-31,25.56999969482422,26.15999984741211,25.36000061035156,25.36000061035156,22.592029571533203,0.245786691254996,-0.7047649386359045,-0.1603507995605468,-0.16035079956054688
2018-02-01,25.540000915527344,25.540000915527344,25.450000762939453,25.450000762939453,22.67220497131348,-0.1847032083973969,0.3548835642517955,0.0801753997802769,0.08017539978027699
2018-02-02,25.49300003051757,25.81100082397461,25.415000915527344,25.450000762939453,22.67220497131348,5.917023195371304,0.0,0.0,0.0
2018-02-05,25.450000762939453,25.61800003051757,25.450000762939453,25.450000762939453,22.67220497131348,-0.3905896821441936,0.0,0.0,0.0
2018-02-06,25.350000381469727,25.700000762939453,25.299999237060547,25.628999710083008,22.831666946411133,-0.3157218735089948,0.7033368624684622,0.1594619750976527,0.1594619750976527
2018-02-07,25.64999961853028,25.882999420166016,25.64999961853028,25.882999420166016,23.05794334411621,-0.5028913950969918,0.9910638510809422,0.2262763977050781,0.22627639770507812
2018-02-08,25.88999938964844,26.065000534057617,25.854999542236328,25.854999542236328,23.032995223999023,0.1709188826197972,-0.108197508098895,-0.0249481201171875,-0.0249481201171875
2018-02-09,25.75,25.76099967956543,25.440000534057617,25.459999084472656,22.68111228942871,0.0211832653493997,-1.5277341533231017,-0.3518829345703125,-0.3518829345703125
2018-02-12,25.39999961853028,25.75,25.39999961853028,25.75,22.9394588470459,0.6949935430661887,1.1390383078240696,0.2583465576171875,0.2583465576171875
2018-02-13,26.1200008392334,26.479999542236328,25.520000457763672,26.0,23.162172317504883,-0.4654574907793923,0.9708749972873189,0.2227134704589843,0.22271347045898438
2018-02-14,25.989999771118164,26.26000022888184,25.75,26.0,23.162172317504883,0.3580884042077942,0.0,0.0,0.0
2018-02-15,25.75,25.75,25.5,25.5,22.716747283935547,0.0399002175081994,-1.9230710637305195,-0.4454250335693359,-0.44542503356933594
2018-02-16,25.450000762939453,25.65999984741211,25.450000762939453,25.53300094604492,22.74614524841309,-0.5216083472557914,0.1294109764487849,0.0293979644775426,0.029397964477542615
2018-02-20,25.64999961853028,25.64999961853028,25.64999961853028,25.64999961853028,22.85037422180176,-0.7274948210025881,0.4582269753858448,0.1042289733886718,0.10422897338867188
2018-02-21,25.60099983215332,25.625,25.530000686645508,25.542999267578125,22.75505256652832,-0.3531557778265942,-0.4171557732410957,-0.095321655273441,-0.09532165527344105
2018-02-22,25.63999938964844,25.64999961853028,25.600000381469727,25.600000381469727,22.80583381652832,-0.1285523519209978,0.223164722874336,0.05078125,0.05078125
2018-02-23,25.729999542236328,25.989999771118164,25.5,25.96999931335449,23.13544464111328,0.3955223085253936,1.4452917057830916,0.3296108245849609,0.32961082458496094
2018-02-26,25.82299995422364,26.0,25.82299995422364,26.0,23.162172317504883,-0.3531557778265942,0.1155269622270527,0.0267276763916015,0.026727676391601562
2018-02-27,26.0,26.0,25.729999542236328,25.843000411987305,23.022310256958008,0.1522019304609975,-0.6038382696996636,-0.139862060546875,-0.139862060546875
2018-02-28,25.739999771118164,26.25,25.729999542236328,26.23600006103516,23.372413635253903,0.4142392606841933,1.5207134922095022,0.3501033782958949,0.3501033782958949
2018-03-01,26.0310001373291,26.214000701904297,25.86000061035156,26.214000701904297,23.35281562805176,-0.3344388256677945,-0.0838510198731934,-0.0195980072021413,-0.019598007202141332
2018-03-02,26.249000549316406,26.249000549316406,26.1200008392334,26.1200008392334,23.26907539367676,-0.5590422515733908,-0.3585873143040152,-0.083740234375,-0.083740234375
2018-03-05,25.91200065612793,26.25,25.61000061035156,26.25,23.384885787963867,-0.1847032083973969,0.4977008855219678,0.1158103942871058,0.11581039428710582
2018-03-06,26.26000022888184,26.26000022888184,25.700000762939453,26.084999084472656,23.237892150878903,-0.240854064873796,-0.6285839427132123,-0.1469936370849645,-0.1469936370849645
2018-03-07,25.709999084472656,26.020000457763672,25.709999084472656,26.020000457763672,23.179988861083984,-0.053684543285799,-0.2491761706223783,-0.0579032897949183,-0.05790328979491832
2018-03-08,25.94700050354004,26.29899978637696,25.75,26.29899978637696,23.42853736877441,-0.0724014954445987,1.0722546467988314,0.2485485076904261,0.24854850769042613
2018-03-09,25.809999465942383,25.809999465942383,25.809999465942383,25.809999465942383,22.99291038513184,-0.7274948210025881,-1.859386169890298,-0.435626983642571,-0.435626983642571
2018-03-12,26.1200008392334,26.1200008392334,25.74399948120117,25.74399948120117,22.93411445617676,-0.4280235864617929,-0.2557132958387775,-0.0587959289550781,-0.058795928955078125
2018-03-13,25.700000762939453,25.875,25.66399955749512,25.875,23.050819396972656,0.2083527869373966,0.5088704908092101,0.1167049407958948,0.11670494079589488
2018-03-14,25.75,25.96199989318848,25.65999984741211,25.79400062561035,22.978656768798828,0.3206544998901948,-0.313058841558167,-0.0721626281738281,-0.07216262817382812
2018-03-15,25.621000289916992,25.722999572753903,25.621000289916992,25.674999237060547,22.87264633178711,-0.5590422515733908,-0.4613430544628816,-0.1060104370117187,-0.10601043701171875
2018-03-16,25.600000381469727,25.94599914550781,25.58099937438965,25.799999237060547,22.98400115966797,-0.1847032083973969,0.4868471547435415,0.1113548278808593,0.11135482788085938
2018-03-19,25.76099967956543,25.827999114990234,25.600000381469727,25.600000381469727,22.80583381652832,-0.4654574907793923,-0.7751798388014985,-0.1781673431396484,-0.17816734313964844
2018-03-20,25.590999603271484,25.780000686645508,25.590999603271484,25.780000686645508,22.966184616088867,-0.1285523519209978,0.7031130755865478,0.1603507995605468,0.16035079956054688
2018-03-21,25.51000022888184,25.599000930786133,25.51000022888184,25.599000930786133,22.8049430847168,-0.7274948210025881,-0.7020823618177685,-0.1612415313720667,-0.16124153137206676
2018-03-22,25.770000457763672,25.770000457763672,25.770000457763672,25.770000457763672,22.957273483276367,-0.5216083472557914,0.6679709657405608,0.1523303985595667,0.15233039855956676
2018-03-23,25.652000427246094,25.667999267578125,25.499000549316406,25.499000549316406,22.715856552124023,-0.6339100602085896,-1.051592347532948,-0.2414169311523437,-0.24141693115234375
2018-03-26,25.525999069213867,25.666000366210938,25.5,25.52199935913086,22.73634529113769,-0.6151931080497899,0.0901957580452972,0.0204887390136683,0.020488739013668322
2018-03-27,25.450000762939453,25.55699920654297,25.424999237060547,25.5,22.716747283935547,1.350086868624178,-0.0861968225376319,-0.0195980072021448,-0.019598007202144885
2018-03-28,25.690000534057617,25.690000534057617,25.583999633789062,25.625,22.82810401916504,-0.5403252994145912,0.4901966546427161,0.1113567352294921,0.11135673522949219
2018-03-29,25.420000076293945,25.65699958801269,25.39999961853028,25.39999961853028,22.627660751342773,1.85544457691177,-0.8780548207331873,-0.2004432678222656,-0.20044326782226562
2018-04-02,25.450000762939453,25.450000762939453,25.01000022888184,25.1200008392334,22.37822151184082,0.62012573443099,-1.1023642357160135,-0.2494392395019531,-0.24943923950195312
2018-04-03,25.239999771118164,25.34000015258789,25.06999969482422,25.290000915527344,22.52966690063477,1.2190682035125802,0.6767534619041005,0.1514453887939488,0.15144538879394887
2018-04-04,25.100000381469727,25.35300064086914,25.100000381469727,25.15999984741211,22.413856506347656,0.8260122081777865,-0.5140350933632742,-0.1158103942871129,-0.11581039428711293
2018-04-05,25.209999084472656,25.34000015258789,25.14999961853028,25.14999961853028,22.404949188232425,0.1709188826197972,-0.0397402299452953,-0.0089073181152308,-0.008907318115230822
2018-04-06,25.290000915527344,25.489999771118164,25.13999938964844,25.14999961853028,22.404949188232425,1.1816342991949809,0.0,0.0,0.0
2018-04-09,25.239999771118164,25.374000549316406,25.229999542236328,25.374000549316406,22.60449981689453,0.1147680261433981,0.8906542344086832,0.1995506286621058,0.19955062866210582
2018-04-10,25.31399917602539,25.39999961853028,25.31399917602539,25.39999961853028,22.627660751342773,-0.4467405386205926,0.1024616100150588,0.0231609344482421,0.023160934448242188
2018-04-11,25.21999931335449,25.36000061035156,25.209999084472656,25.354999542236328,22.587570190429688,-0.3531557778265942,-0.1771750131559946,-0.0400905609130859,-0.04009056091308594
2018-04-12,25.268999099731445,25.5,25.268999099731445,25.5,22.716747283935547,-0.1285523519209978,0.5718945969699352,0.1291770935058593,0.12917709350585938
2018-04-13,25.5,25.5,25.39999961853028,25.39999961853028,22.627660751342773,-0.5028913950969918,-0.3921623614476344,-0.0890865325927734,-0.08908653259277344
2018-04-16,25.40900039672852,25.520000457763672,25.37700080871582,25.39999961853028,22.627660751342773,-0.5403252994145912,0.0,0.0,0.0
2018-04-17,25.40999984741211,25.46999931335449,25.309999465942383,25.357999801635746,22.590246200561523,-0.1847032083973969,-0.1653487348621696,-0.03741455078125,-0.03741455078125
2018-04-18,25.299999237060547,25.440000534057617,25.299999237060547,25.34199905395508,22.57598876953125,0.9008800168129854,-0.0631132166674652,-0.0142574310302734,-0.014257431030273438
2018-04-19,25.350000381469727,25.44499969482422,25.299999237060547,25.43600082397461,22.659730911254883,0.1896358347785969,0.3709345472241443,0.0837421417236328,0.08374214172363281
2018-04-20,25.36599922180176,25.36599922180176,25.350000381469727,25.350000381469727,22.583120346069336,-0.6151931080497899,-0.3380912398544655,-0.0766105651855468,-0.07661056518554688
2018-04-23,25.3700008392334,25.3700008392334,25.32099914550781,25.32099914550781,22.557281494140625,-0.5590422515733908,-0.1144166595791418,-0.0258388519287109,-0.025838851928710938
2018-04-24,25.5,25.5,25.39699935913086,25.41699981689453,22.642803192138672,-0.4093066343029932,0.3791312265188695,0.0855216979980468,0.08552169799804688
2018-04-25,25.434999465942383,25.520000457763672,25.434999465942383,25.479999542236328,22.69892692565918,-0.3157218735089948,0.2478656597606932,0.0561237335205078,0.05612373352050781
2018-04-26,25.709999084472656,25.709999084472656,25.599000930786133,25.599000930786133,22.8049430847168,-0.6900609166849887,0.4670536162560967,0.1060161590576207,0.10601615905762074
2018-04-27,25.700000762939453,25.700000762939453,25.5,25.5,22.716747283935547,-0.2034201605561966,-0.3867398416809053,-0.0881958007812535,-0.08819580078125355
2018-04-30,25.5,25.71999931335449,25.5,25.538000106811523,22.750598907470703,0.3393714520489945,0.1490161558432845,0.0338516235351562,0.03385162353515625
2018-05-01,25.700000762939453,25.700000762939453,25.542999267578125,25.63999938964844,22.84146308898925,-0.6526270123673893,0.3993924814379879,0.0908641815185511,0.09086418151854758
2018-05-02,25.57299995422364,25.75,25.5,25.75,22.9394588470459,-0.0724014954445987,0.4290257488097637,0.0979957580566441,0.09799575805664773
2018-05-03,25.950000762939453,25.950000762939453,25.545000076293945,25.545000076293945,22.7568359375,-0.7087778688437884,-0.7961081853045338,-0.1826229095458984,-0.18262290954589844
2018-05-04,25.722999572753903,25.722999572753903,25.5,25.700000762939453,22.89491844177246,-0.5964761558909902,0.6067737388962824,0.1380825042724609,0.13808250427246094
2018-05-07,25.73500061035156,25.82200050354004,25.73500061035156,25.82200050354004,23.003604888916016,-0.7274948210025881,0.4747186473713416,0.1086864471435546,0.10868644714355469
2018-05-08,25.850000381469727,25.850000381469727,25.600000381469727,25.600000381469727,22.80583381652832,-0.4093066343029932,-0.8597394771068578,-0.1977710723876953,-0.1977710723876953
2018-05-09,25.670000076293945,25.850000381469727,25.62800025939941,25.790000915527344,22.97509384155273,-0.2221371127149963,0.7421786301965438,0.1692600250244105,0.1692600250244105
2018-05-10,25.739999771118164,25.75,25.5,25.51000022888184,22.72565460205078,-0.0162506389681996,-1.0856941052001856,-0.2494392395019495,-0.24943923950194957
2018-05-11,25.545000076293945,25.59000015258789,25.40999984741211,25.57999992370605,22.78801345825196,0.2083527869373966,0.2743985037753305,0.0623588562011754,0.06235885620117898
2018-05-14,25.5,25.5,25.42799949645996,25.5,22.716747283935547,-0.3157218735089948,-0.3127353529388199,-0.0712661743164098,-0.07126617431641336
2018-05-15,25.420000076293945,25.420000076293945,25.209999084472656,25.371999740600582,22.602718353271484,0.7324274473837881,-0.5019597622794358,-0.1140289306640625,-0.1140289306640625
2018-05-16,25.3799991607666,25.38999938964844,25.358999252319336,25.38999938964844,22.618751525878903,-0.4654574907793923,0.0709347095195545,0.0160331726074183,0.016033172607418322
2018-05-17,25.38999938964844,25.38999938964844,25.263999938964844,25.32900047302246,22.56441307067871,-0.1285523519209978,-0.2402363151565723,-0.0543384552001917,-0.05433845520019176
2018-05-18,25.3700008392334,25.39999961853028,25.29899978637696,25.3700008392334,22.600934982299805,0.919596968971785,0.161856244639269,0.0365219116210937,0.03652191162109375
2018-05-21,25.36000061035156,25.36000061035156,25.270000457763672,25.270000457763672,22.511850357055664,-0.1472693040797975,-0.3941634508214275,-0.0890846252441406,-0.08908462524414062
2018-05-22,25.29199981689453,25.42099952697754,25.29199981689453,25.42099952697754,22.64636611938477,-0.1472693040797975,0.5975331223137204,0.1345157623291051,0.13451576232910512
2018-05-23,25.301000595092773,25.56999969482422,25.270000457763672,25.56999969482422,22.77910423278809,-0.0162506389681996,0.5861342729494234,0.1327381134033203,0.1327381134033203
2018-05-24,25.49099922180176,25.559999465942383,25.459999084472656,25.459999084472656,22.68111228942871,-0.6526270123673893,-0.4301834802543758,-0.0979919433593785,-0.09799194335937855
2018-05-25,25.36000061035156,25.65999984741211,25.36000061035156,25.65999984741211,22.859283447265625,-0.1659862562385972,0.785548590224816,0.178171157836914,0.17817115783691406
2018-05-29,25.577999114990234,25.790000915527344,25.450000762939453,25.670000076293945,22.8681869506836,0.0399002175081994,0.0389491798310714,0.0089035034179723,0.008903503417975855
2018-05-31,26.46999931335449,26.46999931335449,25.600000381469727,26.239999771118164,23.715421676635746,-0.3344388256677945,3.704861814271743,0.8472347259521484,0.8472347259521449
2018-06-01,25.89999961853028,26.34000015258789,25.89999961853028,26.239999771118164,23.715421676635746,-0.484174442938192,0.0,0.0,0.0
2018-06-04,26.136999130249023,26.239999771118164,25.520000457763672,26.239999771118164,23.715421676635746,-0.2782879691913954,0.0,0.0,0.0
2018-06-05,25.559999465942383,26.239999771118164,25.559999465942383,26.035999298095703,23.53104782104492,0.0960510739845984,-0.7774428728478888,-0.1843738555908274,-0.18437385559082742
2018-06-06,26.035999298095703,26.035999298095703,26.035999298095703,26.035999298095703,23.53104782104492,-0.8023626296377868,0.0,0.0,0.0
2018-06-07,26.25,26.59000015258789,26.198999404907227,26.472999572753903,23.92600440979004,-0.4467405386205926,1.678448795603105,0.3949565887451207,0.39495658874512074
2018-06-08,26.450000762939453,26.450000762939453,25.59000015258789,25.59000015258789,23.12795829772949,-0.3531557778265942,-3.335475904760788,-0.7980461120605504,-0.7980461120605504
2018-06-11,25.46999931335449,25.600000381469727,25.350000381469727,25.39999961853028,22.956239700317383,2.229783620087764,-0.7424719259761181,-0.1717185974121058,-0.17171859741210582
2018-06-12,25.39999961853028,25.79199981689453,25.395000457763672,25.738000869750977,23.26171875,0.5826918301133905,1.3307016030085883,0.3054790496826172,0.3054790496826172
2018-06-13,25.482999801635746,25.64699935913086,25.13999938964844,25.450000762939453,23.001428604125977,0.0211832653493997,-1.1189635154282065,-0.2602901458740234,-0.26029014587402344
2018-06-14,25.39999961853028,25.577999114990234,25.36000061035156,25.577999114990234,23.117111206054688,0.1147680261433981,0.5029365954598131,0.1156826019287109,0.11568260192871094
2018-06-15,25.39999961853028,25.549999237060547,25.299999237060547,25.39999961853028,22.956239700317383,0.7885783038601871,-0.6958979619182237,-0.1608715057373047,-0.1608715057373047
2018-06-18,25.42799949645996,25.5,25.319000244140625,25.39999961853028,22.956239700317383,0.919596968971785,0.0,0.0,0.0
2018-06-19,25.38999938964844,25.479999542236328,25.350000381469727,25.38500022888184,22.942684173583984,0.4329562128429929,-0.0590494214660508,-0.0135555267333984,-0.013555526733398438
2018-06-20,25.420000076293945,25.420000076293945,25.371000289916992,25.39200019836425,22.94900894165039,0.0399002175081994,0.0275676900686638,0.0063247680664062,0.00632476806640625
2018-06-21,25.39999961853028,25.420000076293945,25.309999465942383,25.3700008392334,22.929122924804688,0.9008800168129854,-0.0866530528453979,-0.0198860168457031,-0.019886016845703125
2018-06-22,25.382999420166016,25.39999961853028,25.26000022888184,25.290000915527344,22.856821060180664,0.6388426865897896,-0.3153276506089431,-0.0723018646240234,-0.07230186462402344
2018-06-25,25.39999961853028,25.479999542236328,25.21999931335449,25.45800018310547,23.008657455444336,0.6014087822721902,0.6642935816135287,0.1518363952636718,0.15183639526367188
2018-06-26,25.440000534057617,25.440000534057617,25.21999931335449,25.312000274658203,22.876707077026367,1.4998224858945757,-0.573481432688927,-0.1319503784179687,-0.13195037841796875
2018-06-27,25.36000061035156,25.38999938964844,25.200000762939453,25.35300064086914,22.913761138916016,0.245786691254996,0.1619728825695388,0.0370540618896484,0.03705406188964844
2018-06-28,25.3700008392334,25.3700008392334,25.229999542236328,25.350000381469727,22.91105079650879,-0.0162506389681996,-0.0118284483756059,-0.0027103424072265,-0.0027103424072265625
2018-06-29,25.36800003051757,25.36800003051757,25.229999542236328,25.350000381469727,22.91105079650879,0.0773341218257987,0.0,0.0,0.0
2018-07-02,25.32999992370605,25.36000061035156,25.239999771118164,25.26000022888184,22.8297061920166,0.1896358347785969,-0.3550452801779902,-0.0813446044921875,-0.0813446044921875
2018-07-03,25.25,25.299999237060547,25.25,25.299999237060547,22.86585998535156,-0.1659862562385972,0.1583629374415585,0.0361537933349573,0.036153793334957385
2018-07-05,25.270000457763672,25.3700008392334,25.200000762939453,25.34000015258789,22.90200996398925,6.983889468422886,0.1580958628315532,0.0361499786376953,0.03614997863769176
2018-07-06,25.270000457763672,25.358999252319336,25.25,25.25,22.82067108154297,2.828726089169354,-0.3551604534893671,-0.0813388824462855,-0.08133888244628196
2018-07-09,25.280000686645508,25.325000762939453,25.200000762939453,25.25900077819824,22.82880401611328,1.911595433388169,0.0356384548957811,0.0081329345703125,0.0081329345703125
2018-07-10,25.31999969482422,25.350000381469727,25.21999931335449,25.229999542236328,22.80259704589844,0.5265409736369915,-0.1147978238209224,-0.0262069702148401,-0.026206970214840197
2018-07-11,25.229999542236328,25.34000015258789,25.209999084472656,25.26799964904785,22.836938858032227,0.7137104952249884,0.1506048283213434,0.0343418121337855,0.03434181213378551
2018-07-12,25.299999237060547,25.319000244140625,25.209999084472656,25.270000457763672,22.8387451171875,0.5265409736369915,0.0079093750984027,0.0018062591552734,0.0018062591552734375
2018-07-13,25.299999237060547,25.299999237060547,25.201000213623047,25.257999420166016,22.82789802551269,-0.2970049213501951,-0.0474942542558753,-0.0108470916748082,-0.01084709167480824
2018-07-16,25.28199958801269,25.290000915527344,25.232999801635746,25.290000915527344,22.856821060180664,-0.5216083472557914,0.1267003849221959,0.0289230346679723,0.028923034667972303
2018-07-19,25.25,25.378999710083008,25.25,25.26000022888184,22.8297061920166,1.4998224858945757,-0.1186292183531168,-0.0271148681640625,-0.0271148681640625
2018-07-20,25.25,25.367000579833984,25.25,25.325000762939453,22.88845443725586,-0.3531557778265942,0.257332462998594,0.0587482452392578,0.05874824523925781
2018-07-23,25.299999237060547,25.3700008392334,25.299999237060547,25.299999237060547,22.86585998535156,0.9570308732893844,-0.0987154985332861,-0.0225944519043004,-0.022594451904300428
2018-07-24,25.299999237060547,25.326000213623047,25.299999237060547,25.299999237060547,22.86585998535156,-0.4467405386205926,0.0,0.0,0.0
2018-07-25,25.292999267578125,25.32299995422364,25.270000457763672,25.31999969482422,22.883934020996094,0.2270697390961963,0.0790437606812632,0.0180740356445348,0.018074035644534803
2018-07-26,25.290000915527344,25.350000381469727,25.229999542236328,25.299999237060547,22.86585998535156,0.1334849783021978,-0.0789813308671116,-0.0180740356445348,-0.018074035644534803
2018-07-27,25.299999237060547,25.3700008392334,25.26000022888184,25.315000534057617,22.87941551208496,0.9570308732893844,0.059282820510953,0.0135555267334019,0.01355552673340199
2018-07-30,25.270000457763672,25.350000381469727,25.270000457763672,25.270000457763672,22.8387451171875,4.3073653097145295,-0.1777597634693872,-0.0406703948974609,-0.04067039489746094
2018-07-31,25.39999961853028,25.440000534057617,25.209999084472656,25.209999084472656,22.784517288208008,2.0987649549761658,-0.2374378657901021,-0.0542278289794921,-0.05422782897949219
2018-08-01,25.25,25.43600082397461,25.25,25.43600082397461,22.988773345947266,1.6869920074825726,0.8964686640298813,0.2042560577392578,0.2042560577392578
2018-08-02,25.424999237060547,25.47800064086914,25.39999961853028,25.47800064086914,23.0267333984375,-0.2034201605561966,0.1651243061949969,0.0379600524902343,0.037960052490234375
2018-08-03,25.440000534057617,25.54400062561035,25.440000534057617,25.47599983215332,23.024927139282227,-0.5964761558909902,-0.0078441832109588,-0.0018062591552734,-0.0018062591552734375
2018-08-06,25.479999542236328,25.559999465942383,25.479999542236328,25.559999465942383,23.10084342956543,-0.5028913950969918,0.3297134875779317,0.0759162902832031,0.07591629028320312
2018-08-07,25.54199981689453,25.677000045776367,25.54199981689453,25.61000061035156,23.146034240722656,0.0960510739845984,0.1956240744846127,0.0451908111572265,0.04519081115722656
2018-08-08,25.520000457763672,25.715999603271484,25.5,25.520000457763672,23.06469345092773,-0.1659862562385972,-0.3514243042629594,-0.0813407897949254,-0.08134078979492543
2018-08-09,25.520000457763672,25.520000457763672,25.520000457763672,25.520000457763672,23.06469345092773,-0.7649287253201874,0.0,0.0,0.0
2018-08-10,25.5,25.52300071716309,25.5,25.520000457763672,23.06469345092773,-0.2595710170325957,0.0,0.0,0.0
2018-08-13,25.59199905395508,25.600000381469727,25.520000457763672,25.600000381469727,23.13699722290039,-0.4654574907793923,0.3134824753968424,0.0723037719726598,0.0723037719726598
2018-08-14,25.520000457763672,25.690000534057617,25.520000457763672,25.53400039672852,23.07734489440918,0.7698613517013875,-0.2578222572122257,-0.0596523284912109,-0.05965232849121094
2018-08-15,25.63999938964844,25.63999938964844,25.5,25.60300064086914,23.139705657958984,-0.3157218735089948,0.2702250360045122,0.0623607635498046,0.06236076354980469
2018-08-16,25.57999992370605,25.63999938964844,25.57999992370605,25.638999938964844,23.172243118286133,-0.6339100602085896,0.1406131124055853,0.0325374603271484,0.03253746032714844
2018-08-17,25.63999938964844,25.63999938964844,25.520000457763672,25.63999938964844,23.173145294189453,0.8447291603365863,0.0038933473065716,0.0009021759033203,0.0009021759033203125
2018-08-20,25.530000686645508,25.6299991607666,25.5,25.597000122070312,23.134286880493164,-0.5403252994145912,-0.167687265595462,-0.038858413696289,-0.03885841369628906
2018-08-21,25.68400001525879,25.69799995422364,25.68400001525879,25.69799995422364,23.225568771362305,-0.5216083472557914,0.3945740421595234,0.0912818908691406,0.09128189086914062
2018-08-22,25.549999237060547,25.6299991607666,25.549999237060547,25.57099914550781,23.110782623291016,-0.5403252994145912,-0.4942231951401088,-0.114786148071289,-0.11478614807128906
2018-08-23,25.684999465942383,25.684999465942383,25.549999237060547,25.549999237060547,23.091806411743164,-0.4467405386205926,-0.0821097747192967,-0.0189762115478515,-0.018976211547851562
2018-08-24,25.700000762939453,25.92799949645996,25.700000762939453,25.92799949645996,23.43343544006348,-0.5216083472557914,1.4794383004466116,0.341629028320316,0.34162902832031605
2018-08-27,25.6200008392334,25.89999961853028,25.6200008392334,25.89999961853028,23.40813446044922,-0.6339100602085896,-0.1079695705692551,-0.0253009796142613,-0.025300979614261365
2018-08-28,25.57999992370605,25.71299934387207,25.57999992370605,25.71299934387207,23.23912239074707,-0.484174442938192,-0.7220228078735347,-0.1690120697021484,-0.16901206970214844
2018-08-29,25.75,25.88999938964844,25.660999298095703,25.850000381469727,23.36294174194336,-0.1098353997621981,0.5328056245600177,0.123819351196289,0.12381935119628906
2018-08-30,25.58300018310547,25.59000015258789,25.45199966430664,25.45199966430664,23.33910179138184,0.1334849783021978,-0.1020417326929368,-0.0238399505615198,-0.023839950561519885
2018-08-31,25.506000518798828,25.60199928283692,25.5,25.60199928283692,23.47665023803711,-0.6713439645261889,0.5893476445012924,0.1375484466552698,0.13754844665526988
2018-09-04,25.474000930786133,25.549999237060547,25.474000930786133,25.538000106811523,23.41796112060547,0.3019375477313951,-0.2499893163486866,-0.0586891174316406,-0.058689117431640625
2018-09-05,25.49399948120117,25.549999237060547,25.46999931335449,25.511999130249023,23.394121170043945,-0.2221371127149963,-0.1018019905266065,-0.0238399505615234,-0.023839950561523438
2018-09-06,25.472999572753903,25.53499984741211,25.39999961853028,25.39999961853028,23.291418075561523,1.0131817297657837,-0.4390124071595114,-0.1027030944824218,-0.10270309448242188
2018-09-07,25.350000381469727,25.59000015258789,24.920000076293945,25.59000015258789,23.46564483642578,1.1254834427185816,0.7480298550265774,0.1742267608642578,0.1742267608642578
2018-09-10,25.41200065612793,25.924999237060547,25.41200065612793,25.924999237060547,23.77283477783203,-0.5777592037321905,1.3091050493076573,0.30718994140625,0.30718994140625
2018-09-11,25.86000061035156,25.89999961853028,25.59499931335449,25.67399978637696,23.54267120361328,-0.6526270123673893,-0.968178916690976,-0.23016357421875,-0.23016357421875
2018-09-12,25.82999992370605,25.89999961853028,25.715999603271484,25.82999992370605,23.68571853637696,0.6575596387485894,0.6076087608177572,0.1430473327636754,0.14304733276367898
2018-09-13,25.700000762939453,26.06999969482422,25.700000762939453,26.0,23.84160804748535,0.62012573443099,0.658158252066432,0.1558895111083948,0.15588951110839133
2018-09-17,25.5009994506836,25.75,25.5,25.530000686645508,23.410627365112305,1.1816342991949809,-1.807682944517264,-0.4309806823730469,-0.4309806823730469
2018-09-19,25.63999938964844,25.63999938964844,25.450000762939453,25.520000457763672,23.401456832885746,1.4436716294181764,-0.0391725180343804,-0.0091705322265589,-0.009170532226558947
2018-09-20,25.420000076293945,25.56800079345703,25.420000076293945,25.56800079345703,23.44547271728516,-0.3718727299853939,0.1880903599880135,0.044015884399414,0.04401588439941406
2018-09-21,25.440000534057617,25.569000244140625,25.440000534057617,25.450000762939453,23.337270736694336,-0.2782879691913954,-0.4615047941048833,-0.1082019805908238,-0.10820198059082387
2018-09-24,25.472000122070312,25.472000122070312,25.39999961853028,25.420000076293945,23.30975914001465,-0.6713439645261889,-0.1178869499783852,-0.0275115966796875,-0.0275115966796875
2018-09-25,25.450000762939453,25.489999771118164,25.350000381469727,25.350000381469727,23.24557113647461,0.0399002175081994,-0.27536965592172,-0.064188003540039,-0.06418800354003906
2018-09-26,25.5939998626709,25.61599922180176,25.299999237060547,25.46199989318848,23.3482723236084,1.0131817297657837,0.4418096958376694,0.102701187133789,0.10270118713378906
2018-09-27,25.270000457763672,25.606000900268555,25.270000457763672,25.468000411987305,23.35377311706543,-0.5777592037321905,0.0235597451528235,0.0055007934570312,0.00550079345703125
2018-09-28,25.489999771118164,25.5,25.39800071716309,25.450000762939453,23.337270736694336,-0.5964761558909902,-0.0706625875329547,-0.0165023803710937,-0.01650238037109375
2018-10-01,25.35700035095215,25.38500022888184,25.35700035095215,25.3700008392334,23.26390838623047,-0.2034201605561966,-0.3143570269702356,-0.0733623504638671,-0.07336235046386719
2018-10-02,25.32999992370605,25.393999099731445,25.13999938964844,25.13999938964844,23.0530014038086,-0.0162506389681996,-0.9065844780694832,-0.2109069824218714,-0.2109069824218679
2018-10-03,25.30699920654297,25.371999740600582,25.25,25.25,23.153871536254883,0.3768053563665939,0.4375574819061034,0.1008701324462855,0.10087013244628196
2018-10-04,25.25,25.38800048828125,25.25,25.263999938964844,23.16670799255371,1.3875207729417771,0.0554397837041031,0.0128364562988281,0.012836456298828125
2018-10-05,25.25,25.34000015258789,25.11400032043457,25.34000015258789,23.236400604248047,2.997178658598551,0.3008308807480819,0.0696926116943359,0.06969261169433594
2018-10-08,25.25,25.450000762939453,25.25,25.32999992370605,23.22722816467285,-0.5590422515733908,-0.0394744424122128,-0.0091724395751953,-0.009172439575195312
2018-10-09,25.26499938964844,25.26499938964844,25.229999542236328,25.229999542236328,23.135528564453125,-0.6526270123673893,-0.394793556810169,-0.0916996002197265,-0.09169960021972656
2018-10-10,25.21699905395508,25.350000381469727,25.200000762939453,25.350000381469727,23.24557113647461,-0.1098353997621981,0.475643215649546,0.1100425720214843,0.11004257202148438
2018-10-11,25.246999740600582,25.25200080871582,25.200000762939453,25.200000762939453,23.108022689819336,-0.4467405386205926,-0.5917189379763044,-0.1375484466552734,-0.13754844665527344
2018-10-12,25.25,25.299999237060547,25.200000762939453,25.200000762939453,23.108022689819336,-0.5216083472557914,0.0,0.0,0.0
2018-10-15,25.25,25.354999542236328,25.224000930786133,25.334999084472656,23.231813430786133,2.959744754280952,0.5357046019404121,0.1237907409667968,0.12379074096679688
2018-10-16,25.25,25.32999992370605,25.25,25.25,23.153871536254883,1.2190682035125802,-0.3354963862957194,-0.07794189453125,-0.07794189453125
2018-10-17,25.350000381469727,25.350000381469727,25.25,25.261999130249023,23.16487693786621,-0.5964761558909902,0.0475315827596967,0.0110054016113281,0.011005401611328125
2018-10-18,25.989999771118164,25.989999771118164,25.3799991607666,25.64900016784668,23.519746780395508,-0.4654574907793923,1.5319306184148784,0.3548698425292969,0.3548698425292969
2018-10-19,25.31999969482422,25.31999969482422,25.31999969482422,25.31999969482422,23.21805953979492,-0.6151931080497899,-1.2826976557930303,-0.3016872406005895,-0.3016872406005895
2018-10-22,25.979999542236328,25.979999542236328,25.979999542236328,25.979999542236328,23.82326889038086,-0.7274948210025881,2.6066319174891994,0.605209350585941,0.605209350585941
2018-10-23,25.88999938964844,25.89999961853028,25.36000061035156,25.54400062561035,23.423463821411133,2.0051801941821674,-1.678212468697593,-0.3998050689697265,-0.39980506896972656
2018-10-24,25.71299934387207,25.82900047302246,25.516000747680664,25.516000747680664,23.39779090881348,-0.6151931080497899,-0.1096033993665202,-0.0256729125976526,-0.025672912597652697
2018-10-25,25.516000747680664,25.516000747680664,25.516000747680664,25.516000747680664,23.39779090881348,-0.7649287253201874,0.0,0.0,0.0
2018-10-26,25.702999114990234,25.702999114990234,25.702999114990234,25.702999114990234,23.56926345825196,-0.7462117731613878,0.7328578587044499,0.1714725494384765,0.17147254943848012
2018-10-29,25.827999114990234,25.827999114990234,25.39999961853028,25.625,23.49774169921875,-0.4467405386205926,-0.3034535175861275,-0.0715217590332066,-0.07152175903321023
2018-10-30,25.382999420166016,25.382999420166016,25.229999542236328,25.25,23.153871536254883,-0.053684543285799,-1.4634179206051146,-0.3438701629638672,-0.3438701629638672
2018-10-31,25.270000457763672,25.440000534057617,25.25,25.371000289916992,23.26482582092285,1.1254834427185816,0.4792040263946084,0.1109542846679687,0.11095428466796875
2018-11-01,25.42300033569336,25.67399978637696,25.42300033569336,25.57099914550781,23.448223114013672,-0.3531557778265942,0.7883028848034046,0.1833972930908203,0.1833972930908203
2018-11-02,25.489999771118164,25.780000686645508,25.31999969482422,25.780000686645508,23.639873504638672,-0.1285523519209978,0.8173343868877803,0.191650390625,0.191650390625
2018-11-05,25.739999771118164,25.920000076293945,25.62299919128418,25.815000534057617,23.67196655273437,0.0960510739845984,0.135758121080487,0.0320930480956995,0.03209304809569957
2018-11-06,25.989999771118164,25.989999771118164,25.61199951171875,25.76099967956543,23.62244987487793,-0.1847032083973969,-0.2091785561885273,-0.0495166778564417,-0.04951667785644176
2018-11-07,25.937000274658203,26.18000030517578,25.746999740600582,25.88999938964844,23.74073982238769,5.654985865148108,0.5007522426179856,0.118289947509762,0.11828994750976207
2018-11-08,25.80500030517578,25.90999984741211,25.780000686645508,25.780000686645508,23.639873504638672,-0.1285523519209978,-0.4248659414307854,-0.1008663177490198,-0.10086631774901988
2018-11-09,25.540000915527344,25.86000061035156,25.540000915527344,25.84199905395508,23.69672393798828,-0.5028913950969918,0.2404853534366591,0.0568504333496093,0.056850433349609375
2018-11-12,25.88999938964844,25.88999938964844,25.731000900268555,25.731000900268555,23.594942092895508,-0.6713439645261889,-0.4295186345552482,-0.1017818450927734,-0.10178184509277344
2018-11-13,25.71699905395508,25.86599922180176,25.6200008392334,25.799999237060547,23.658212661743164,-0.3344388256677945,0.2681531007728388,0.0632705688476562,0.06327056884765625
2018-11-14,25.895999908447266,25.89800071716309,25.895999908447266,25.89800071716309,23.748077392578125,-0.7274948210025881,0.3798458155728657,0.0898647308349609,0.08986473083496094
2018-11-15,26.054000854492188,26.054000854492188,25.42300033569336,25.51000022888184,23.39228630065918,-0.053684543285799,-1.4981890366844608,-0.3557910919189453,-0.3557910919189453
2018-11-16,25.76499938964844,25.76499938964844,25.76499938964844,25.76499938964844,23.626115798950195,-0.7462117731613878,0.999600873918971,0.2338294982910156,0.23382949829101562
2018-11-19,25.989999771118164,25.989999771118164,25.3799991607666,25.951000213623047,23.79667854309082,-0.5216083472557914,0.7219246091573206,0.170562744140625,0.170562744140625
2018-11-20,25.959999084472656,26.09000015258789,25.600000381469727,25.600000381469727,23.474817276000977,-0.1847032083973969,-1.352547022505768,-0.3218612670898437,-0.32186126708984375
2018-11-21,25.600000381469727,25.600000381469727,25.600000381469727,25.600000381469727,23.474817276000977,-0.7836456774789872,0.0,0.0,0.0
2018-11-23,25.847000122070312,25.849000930786133,25.847000122070312,25.849000930786133,23.703144073486328,-0.7462117731613878,0.972645685803819,0.2283267974853515,0.22832679748535156
2018-11-26,25.780000686645508,25.780000686645508,25.724000930786133,25.75,23.612363815307617,-0.6339100602085896,-0.3829882563142983,-0.0907802581787109,-0.09078025817871094
2018-11-27,25.700000762939453,25.850000381469727,25.64800071716309,25.652999877929688,23.523412704467773,-0.4467405386205926,-0.3767141296636245,-0.0889511108398437,-0.08895111083984375
2018-11-28,25.913000106811523,26.13999938964844,25.600000381469727,25.700000762939453,23.566516876220703,1.0318986819245832,0.1832394486908084,0.0431041717529296,0.04310417175292969
2018-11-29,25.350000381469727,25.440000534057617,25.280000686645508,25.440000534057617,23.67072486877441,-0.3344388256677945,0.4421866544854325,0.1042079925537073,0.10420799255370738
2018-11-30,25.190000534057617,25.350000381469727,25.190000534057617,25.299999237060547,23.540462493896484,0.0399002175081994,-0.5503100373988268,-0.1302623748779261,-0.13026237487792613
2018-12-03,25.1200008392334,25.5939998626709,25.100000381469727,25.5939998626709,23.814014434814453,1.2565021078301797,1.1620499851644484,0.2735519409179687,0.27355194091796875
2018-12-04,25.29700088500977,25.39299964904785,25.13999938964844,25.200000762939453,23.447416305541992,3.72713979279174,-1.5394217983529912,-0.3665981292724609,-0.36659812927246094
2018-12-06,25.263999938964844,25.312000274658203,25.200000762939453,25.201000213623047,23.44834518432617,-0.2782879691913954,0.0039615400352577,0.0009288787841761,0.0009288787841761348
2018-12-07,25.100000381469727,25.336000442504883,25.100000381469727,25.312000274658203,23.55162811279297,-0.6526270123673893,0.4404700103777026,0.1032829284668004,0.10328292846680043
2018-12-10,25.21999931335449,25.21999931335449,25.11000061035156,25.14999961853028,23.400894165039062,-0.053684543285799,-0.6400149791429,-0.1507339477539062,-0.15073394775390625
2018-12-11,25.18000030517578,25.25,25.14999961853028,25.14999961853028,23.400894165039062,0.7698613517013875,0.0,0.0,0.0
2018-12-12,25.31999969482422,25.31999969482422,25.14999961853028,25.319000244140625,23.55813980102539,-0.3157218735089948,0.6719642201589604,0.1572456359863281,0.15724563598632812
2018-12-13,25.202999114990234,25.25,25.200000762939453,25.200000762939453,23.447416305541992,0.0211832653493997,-0.4700010120433195,-0.1107234954833984,-0.11072349548339844
2018-12-14,25.2450008392334,25.358999252319336,25.2450008392334,25.358999252319336,23.595355987548828,-0.7087778688437884,0.6309423608940268,0.1479396820068359,0.14793968200683594
2018-12-17,25.323999404907227,25.32999992370605,25.07999992370605,25.19700050354004,23.444623947143555,1.2190682035125802,-0.6388207937393031,-0.1507320404052734,-0.15073204040527344
2018-12-18,25.200000762939453,25.30500030517578,25.100000381469727,25.299999237060547,23.540462493896484,1.293936012147779,0.4087868799644623,0.0958385467529296,0.09583854675292969
2018-12-19,25.29599952697754,25.600000381469727,25.11100006103516,25.347000122070312,23.584192276000977,-0.1847032083973969,0.185764328614324,0.0437297821044921,0.04372978210449219
2018-12-20,25.27899932861328,25.350000381469727,24.926000595092773,24.926000595092773,23.192472457885746,-0.053684543285799,-1.660942268155785,-0.3917198181152308,-0.3917198181152308
2018-12-21,25.06100082397461,25.350000381469727,24.43199920654297,24.67799949645996,22.96171760559082,2.6228396154225573,-0.994955810399012,-0.2307548522949254,-0.23075485229492543
2018-12-24,25.163000106811523,25.163000106811523,24.97900009155273,24.97900009155273,23.24178695678711,-0.7087778688437884,1.219723001593298,0.280069351196289,0.28006935119628906
2018-12-26,24.920000076293945,25.075000762939453,24.850000381469727,24.89999961853028,23.16827774047852,0.3580884042077942,-0.3162803980832684,-0.0735092163085902,-0.0735092163085902
2018-12-27,24.89999961853028,24.89999961853028,24.64999961853028,24.850000381469727,23.121755599975582,-0.1098353997621981,-0.2008010307199326,-0.0465221405029367,-0.04652214050293679
2018-12-28,24.965999603271484,25.24399948120117,24.604999542236328,24.79400062561035,23.06965065002441,0.62012573443099,-0.2253503187760852,-0.0521049499511718,-0.052104949951171875
2018-12-31,24.89999961853028,25.05299949645996,24.799999237060547,24.850000381469727,23.121755599975582,0.3019375477313951,0.2258592934137659,0.0521049499511718,0.052104949951171875
2019-01-02,25.17399978637696,25.17399978637696,24.86000061035156,24.86000061035156,23.13106155395508,1.7618598161177714,0.040247609829036,0.0093059539794992,0.009305953979499293
2019-01-03,24.8700008392334,25.0,24.86000061035156,24.86000061035156,23.13106155395508,0.8821630646541856,0.0,0.0,0.0
2019-01-04,25.0,25.07200050354004,24.850000381469727,25.0,23.261323928833008,0.2270697390961963,0.5631491428704116,0.1302623748779261,0.13026237487792613
2019-01-07,24.86000061035156,24.989999771118164,24.850000381469727,24.89999961853028,23.16827774047852,0.3206544998901948,-0.4000038374391779,-0.0930461883544886,-0.09304618835448863
2019-01-08,25.15800094604492,25.280000686645508,24.90999984741211,25.155000686645508,23.405548095703125,0.3768053563665939,1.0241173637609569,0.2372703552246058,0.23727035522460582
2019-01-09,25.291000366210938,25.326000213623047,25.257999420166016,25.257999420166016,23.50138092041016,-0.6900609166849887,0.4094449073150707,0.0958328247070348,0.0958328247070348
2019-01-10,25.479999542236328,25.479999542236328,25.200000762939453,25.200000762939453,23.447416305541992,-0.6339100602085896,-0.2296231657659797,-0.0539646148681676,-0.053964614868167615
2019-01-11,25.5,25.59000015258789,25.375,25.450000762939453,23.680030822753903,-0.4093066343029932,0.9920688666961164,0.2326145172119105,0.2326145172119105
2019-01-14,25.55299949645996,25.55299949645996,25.280000686645508,25.280000686645508,23.5218505859375,0.0399002175081994,-0.6679899954539326,-0.1581802368164027,-0.1581802368164027
2019-01-15,25.280000686645508,25.46500015258789,25.049999237060547,25.46500015258789,23.69398498535156,-0.053684543285799,0.7318063635561423,0.1721343994140589,0.17213439941405895
2019-01-16,25.39999961853028,25.39999961853028,25.261999130249023,25.39999961853028,23.633506774902344,-0.1472693040797975,-0.2552471037970405,-0.0604782104492152,-0.0604782104492152
2019-01-17,25.450000762939453,25.56800079345703,25.450000762939453,25.516000747680664,23.741439819335938,0.6949935430661887,0.4566950028263017,0.1079330444335937,0.10793304443359375
2019-01-18,25.39999961853028,25.39999961853028,25.266000747680664,25.39999961853028,23.633506774902344,-0.4093066343029932,-0.4546187815689606,-0.1079330444335937,-0.10793304443359375
2019-01-22,25.34000015258789,25.349000930786133,25.214000701904297,25.349000930786133,23.58605194091797,-0.6151931080497899,-0.200794720971198,-0.047454833984375,-0.047454833984375
2019-01-23,25.3700008392334,25.440000534057617,25.15999984741211,25.3129997253418,23.55255699157715,-0.5028913950969918,-0.142011683111376,-0.0334949493408203,-0.03349494934082031
2019-01-24,25.23900032043457,25.39999961853028,25.23900032043457,25.23900032043457,23.48370361328125,-0.5590422515733908,-0.2923392917402623,-0.0688533782958984,-0.06885337829589844
2019-01-25,25.308000564575195,25.599000930786133,25.308000564575195,25.358999252319336,23.595355987548828,-0.5216083472557914,0.4754461907125806,0.1116523742675781,0.11165237426757812
2019-01-28,25.350000381469727,25.600000381469727,25.32099914550781,25.3799991607666,23.61489486694336,-0.484174442938192,0.0828081568459593,0.0195388793945312,0.01953887939453125
2019-01-29,25.39999961853028,25.600000381469727,25.39999961853028,25.54700088500977,23.77028465270996,-0.6151931080497899,0.6580159964384213,0.1553897857666015,0.15538978576660156
2019-01-30,25.600000381469727,25.834999084472656,25.54800033569336,25.64999961853028,23.86612129211425,-0.3157218735089948,0.4031783413808165,0.0958366394042933,0.09583663940428977
2019-01-31,25.93400001525879,25.999000549316406,25.777999877929688,25.88999938964844,24.08942604064941,-0.4280235864617929,0.9356558018036144,0.2233047485351562,0.2233047485351598
2019-02-01,26.0,26.0,25.9060001373291,25.9060001373291,24.10431861877441,-0.7274948210025881,0.0618220546221071,0.014892578125,0.014892578125
2019-02-04,25.80500030517578,25.929000854492188,25.68000030517578,25.929000854492188,24.125717163085938,-0.6151931080497899,0.0887747322376508,0.0213985443115269,0.02139854431152699
2019-02-05,25.83799934387207,25.89800071716309,25.83799934387207,25.89800071716309,24.09687232971192,-0.6713439645261889,-0.1195605219900142,-0.0288448333740198,-0.028844833374016332
2019-02-06,25.64999961853028,25.843000411987305,25.64999961853028,25.65999984741211,23.875423431396484,-0.4467405386205926,-0.9189943627762154,-0.2214488983154332,-0.2214488983154368
2019-02-07,25.65999984741211,25.65999984741211,25.65999984741211,25.65999984741211,23.875423431396484,-0.7836456774789872,0.0,0.0,0.0
2019-02-08,25.96999931335449,25.96999931335449,25.39999961853028,25.75,23.95916748046875,0.3019375477313951,0.3507541942152192,0.0837440490722656,0.08374404907226562
2019-02-11,25.96999931335449,25.96999931335449,25.83300018310547,25.874000549316406,24.074541091918945,-0.484174442938192,0.481542656038636,0.1153736114501953,0.11537361145019531
2019-02-12,25.96999931335449,25.96999931335449,25.87800025939941,25.87800025939941,24.07826232910156,-0.6526270123673893,0.0154571469022313,0.0037212371826136,0.003721237182613635
2019-02-13,25.91200065612793,26.0,25.8759994506836,26.0,24.1917781829834,-0.5964761558909902,0.4714453739655511,0.1135158538818394,0.11351585388183949
2019-02-14,26.0,26.0,26.0,26.0,24.1917781829834,-0.7462117731613878,0.0,0.0,0.0
2019-02-15,26.0,26.0,25.871999740600582,25.871999740600582,24.07268142700196,-0.7274948210025881,-0.4923026124024843,-0.1190967559814417,-0.11909675598143821
2019-02-19,25.856000900268555,25.856000900268555,25.856000900268555,25.856000900268555,24.05779266357422,-0.6900609166849887,-0.061849210578746,-0.0148887634277379,-0.01488876342774148
2019-02-20,25.69099998474121,26.551000595092773,25.39999961853028,26.551000595092773,24.704458236694336,-0.1659862562385972,2.6879671886907097,0.6466655731201172,0.6466655731201172
2019-02-21,25.54899978637696,26.0,25.5,26.0,24.1917781829834,-0.2221371127149963,-2.07525317413938,-0.5126800537109375,-0.5126800537109375
2019-02-22,25.56100082397461,26.0,25.56100082397461,25.82099914550781,24.02522659301757,-0.5964761558909902,-0.6884636123316357,-0.1665515899658238,-0.16655158996582742
2019-02-25,26.0,26.03899955749512,25.64999961853028,25.979999542236328,24.17316627502441,0.0773341218257987,0.6157681028899464,0.1479396820068359,0.1479396820068395
2019-02-26,25.84000015258789,25.89999961853028,25.742000579833984,25.75,23.95916748046875,0.5826918301133905,-0.8852741594582159,-0.2139987945556605,-0.2139987945556605
2019-02-27,25.70400047302246,25.89999961853028,25.700000762939453,25.700000762939453,23.912643432617188,-0.0349675911269993,-0.194180569460467,-0.0465240478515625,-0.0465240478515625
2019-02-28,25.600000381469727,25.600000381469727,25.53700065612793,25.53700065612793,24.10996437072754,-0.5403252994145912,0.8251740911303873,0.1973209381103515,0.19732093811035156
2019-03-01,25.5,25.74399948120117,25.3700008392334,25.3700008392334,23.952295303344727,-0.2782879691913954,-0.6539581102585235,-0.1576690673828125,-0.1576690673828125
2019-03-04,25.39999961853028,25.85099983215332,25.38999938964844,25.38999938964844,23.971176147460938,-0.4654574907793923,0.0788268676429337,0.0188808441162109,0.018880844116210938
2019-03-05,25.39999961853028,25.77300071716309,25.39999961853028,25.77300071716309,24.3327751159668,-0.484174442938192,1.508474036824281,0.3615989685058629,0.3615989685058629
2019-03-06,25.89999961853028,25.89999961853028,25.600000381469727,25.79199981689453,24.35071182250977,-0.4654574907793923,0.0737141836781196,0.0179367065429687,0.01793670654296875
2019-03-07,25.479999542236328,25.75,25.459999084472656,25.714000701904297,24.277070999145508,-0.1285523519209978,-0.3024175387603578,-0.0736408233642613,-0.07364082336426137
2019-03-08,25.78199958801269,25.81999969482422,25.78199958801269,25.81999969482422,24.377147674560547,-0.6713439645261889,0.4122271398331545,0.100076675415039,0.10007667541503906
2019-03-11,25.84199905395508,25.84199905395508,25.84199905395508,25.84199905395508,24.397918701171875,-0.7462117731613878,0.0852069605871141,0.0207710266113281,0.020771026611328125
2019-03-12,25.722000122070312,25.722000122070312,25.61000061035156,25.652999877929688,24.21947860717773,-0.4280235864617929,-0.7313742462203288,-0.1784400939941441,-0.17844009399414418
2019-03-13,25.61000061035156,25.61000061035156,25.393999099731445,25.54899978637696,24.12129211425781,1.3875207729417771,-0.4054030002562658,-0.0981864929199218,-0.09818649291992188
2019-03-14,25.350000381469727,25.68899917602539,25.350000381469727,25.489999771118164,24.065587997436523,0.0211832653493997,-0.2309333868079077,-0.0557041168212855,-0.05570411682128551
2019-03-15,25.50300025939941,25.65999984741211,25.5,25.632999420166016,24.200597763061523,-0.4654574907793923,0.5610075500311229,0.135009765625,0.135009765625
2019-03-18,25.57200050354004,25.690000534057617,25.57200050354004,25.64900016784668,24.2157039642334,-0.5216083472557914,0.0624207770393736,0.015106201171875,0.015106201171875
2019-03-19,25.690000534057617,25.690000534057617,25.566999435424805,25.566999435424805,24.138282775878903,-0.5964761558909902,-0.3197147952784918,-0.0774211883544957,-0.07742118835449574
2019-03-20,25.8799991607666,25.8799991607666,25.450000762939453,25.450000762939453,24.0278263092041,-0.0724014954445987,-0.4575986937446097,-0.1104564666748011,-0.11045646667480113
2019-03-21,25.459999084472656,25.575000762939453,25.450000762939453,25.575000762939453,24.14583969116211,-0.2782879691913954,0.4911529675607928,0.1180133819580078,0.11801338195800781
2019-03-22,25.459999084472656,25.600000381469727,25.44099998474121,25.450000762939453,24.0278263092041,-0.2782879691913954,-0.4887524454210812,-0.1180133819580078,-0.11801338195800781
2019-03-25,25.496999740600582,25.589000701904297,25.459999084472656,25.503999710083008,24.078807830810547,-0.5590422515733908,0.2121770024070546,0.0509815216064453,0.05098152160644531
2019-03-26,25.530000686645508,25.530000686645508,25.459999084472656,25.5,24.07503128051757,-0.053684543285799,-0.0156841248931782,-0.0037765502929723,-0.0037765502929758554
2019-03-27,25.59000015258789,25.59000015258789,25.46999931335449,25.46999931335449,24.04670524597168,-0.6151931080497899,-0.1176573114935797,-0.0283260345458948,-0.028326034545891332
2019-03-28,25.600000381469727,25.600000381469727,25.600000381469727,25.600000381469727,24.169443130493164,-0.484174442938192,0.5104145589427178,0.1227378845214843,0.12273788452148438
2019-03-29,25.5,25.5,25.43000030517578,25.49300003051757,24.068422317504883,-0.3344388256677945,-0.4179691374884386,-0.1010208129882812,-0.10102081298828125
2019-04-01,25.802000045776367,25.802000045776367,25.5,25.68600082397461,24.25063705444336,-0.4280235864617929,0.7570697178848729,0.1822147369384765,0.18221473693847656
2019-04-02,25.86899948120117,25.86899948120117,25.63400077819824,25.700000762939453,24.26385498046875,-0.2595710170325957,0.0545054795703547,0.0132179260253906,0.013217926025390625
2019-04-03,25.551000595092773,25.55299949645996,25.551000595092773,25.55299949645996,24.12506675720215,-0.6713439645261889,-0.5719957664531039,-0.1387882232666015,-0.13878822326660156
2019-04-04,25.791000366210938,25.791000366210938,25.600000381469727,25.600000381469727,24.169443130493164,-0.2221371127149963,0.18394300723652,0.0443763732910156,0.044376373291015625
2019-04-05,25.86000061035156,25.8700008392334,25.549999237060547,25.74399948120117,24.305395126342773,-0.3905896821441936,0.562495358770132,0.1359519958496093,0.13595199584960938
2019-04-08,25.850000381469727,25.86000061035156,25.45400047302246,25.66699981689453,24.232696533203125,-0.2221371127149963,-0.2991047574489203,-0.0726985931396484,-0.07269859313964844
2019-04-09,25.67300033569336,25.799999237060547,25.450000762939453,25.450000762939453,24.0278263092041,-0.3157218735089948,-0.8454289175714114,-0.2048702239990234,-0.20487022399902344
2019-04-10,25.46999931335449,25.670000076293945,25.450000762939453,25.670000076293945,24.23552894592285,-0.240854064873796,0.8644254126274786,0.20770263671875,0.20770263671875
2019-04-11,25.67799949645996,25.67799949645996,25.67799949645996,25.67799949645996,24.243083953857425,-0.7274948210025881,0.031173274375118,0.0075550079345738,0.007555007934573865
2019-04-12,25.608999252319336,25.65800094604492,25.541000366210938,25.6299991607666,24.197763442993164,-0.0911184476033984,-0.1869420200438232,-0.0453205108642613,-0.045320510864261365
2019-04-15,25.540000915527344,25.6200008392334,25.459999084472656,25.6200008392334,24.18832397460937,-0.4093066343029932,-0.0390096729643296,-0.0094394683837926,-0.009439468383792615
2019-04-16,25.57699966430664,25.6200008392334,25.57699966430664,25.582000732421875,24.152448654174805,-0.5403252994145912,-0.1483166856547257,-0.0358753204345667,-0.03587532043456676
2019-04-17,25.6299991607666,25.63999938964844,25.511999130249023,25.511999130249023,24.08635902404785,-0.5777592037321905,-0.2736353198520502,-0.0660896301269531,-0.06608963012695312
2019-04-18,25.724000930786133,25.87700080871582,25.70599937438965,25.70599937438965,24.269519805908203,-0.5590422515733908,0.7604336615487872,0.1831607818603515,0.18316078186035156
2019-04-22,25.559999465942383,25.8799991607666,25.559999465942383,25.8799991607666,24.433794021606445,-0.6339100602085896,0.6768746024313543,0.1642742156982422,0.1642742156982422
2019-04-23,25.64999961853028,25.790000915527344,25.64999961853028,25.790000915527344,24.34882354736328,-0.240854064873796,-0.3477580033949157,-0.084970474243164,-0.08497047424316406
2019-04-24,25.850000381469727,25.850000381469727,25.72900009155273,25.72900009155273,24.291234970092773,-0.484174442938192,-0.2365148244574788,-0.0575885772705078,-0.05758857727050781
2019-04-25,25.8799991607666,25.8799991607666,25.722000122070312,25.722000122070312,24.284624099731445,-0.4280235864617929,-0.027215044313178,-0.0066108703613281,-0.006610870361328125
2019-04-26,25.722000122070312,25.722000122070312,25.722000122070312,25.722000122070312,24.284624099731445,-0.7274948210025881,0.0,0.0,0.0
2019-04-29,25.559999465942383,25.790000915527344,25.559999465942383,25.67799949645996,24.243083953857425,-0.3344388256677945,-0.1710553381572777,-0.0415401458740198,-0.041540145874019885
2019-04-30,25.700000762939453,25.780000686645508,25.670000076293945,25.714000701904297,24.277070999145508,2.0800480028173665,0.1401927467345798,0.0339870452880823,0.033987045288082385
2019-05-01,25.562000274658203,25.66399955749512,25.562000274658203,25.632999420166016,24.200597763061523,-0.5216083472557914,-0.3150019048289487,-0.0764732360839843,-0.07647323608398438
2019-05-02,25.70599937438965,25.707000732421875,25.70599937438965,25.707000732421875,24.27046203613281,-0.6339100602085896,0.2886882123958267,0.0698642730712855,0.06986427307128551
2019-05-03,25.59000015258789,25.73200035095215,25.59000015258789,25.73200035095215,24.294065475463867,-0.3718727299853939,0.0972517099011804,0.0236034393310582,0.02360343933105824
2019-05-06,25.652999877929688,25.74399948120117,25.652999877929688,25.74399948120117,24.305395126342773,-0.5777592037321905,0.0466354669635293,0.0113296508789062,0.01132965087890625
2019-05-07,25.739999771118164,25.790000915527344,25.64999961853028,25.64999961853028,24.21664810180664,-0.5777592037321905,-0.3651330253008122,-0.0887470245361328,-0.08874702453613281
2019-05-08,25.64999961853028,25.86000061035156,25.549999237060547,25.86000061035156,24.414915084838867,-0.3905896821441936,0.8187218239234184,0.1982669830322265,0.19826698303222656
2019-05-09,25.64999961853028,25.80299949645996,25.64999961853028,25.80299949645996,24.3610954284668,-0.6526270123673893,-0.2204376144051667,-0.0538196563720667,-0.05381965637206676
2019-05-10,25.85700035095215,25.85700035095215,25.799999237060547,25.799999237060547,24.358264923095703,-0.5590422515733908,-0.0116189576918168,-0.0028305053710973,-0.0028305053710973027
2019-05-13,25.69700050354004,25.76099967956543,25.69700050354004,25.76099967956543,24.32144355773925,-0.7087778688437884,-0.151165797205599,-0.0368213653564488,-0.03682136535645242
2019-05-14,25.65999984741211,25.856000900268555,25.559999465942383,25.63800048828125,24.2053165435791,-0.1285523519209978,-0.4774676054259186,-0.1161270141601527,-0.11612701416014914
2019-05-15,25.75300025939941,25.857999801635746,25.72599983215332,25.857999801635746,24.41302299499512,-0.3905896821441936,0.858102603376687,0.2077064514160191,0.20770645141601918
2019-05-16,25.757999420166016,25.757999420166016,25.600000381469727,25.600000381469727,24.169443130493164,-0.5403252994145912,-0.9977456071371904,-0.2435798645019566,-0.24357986450195668
2019-05-17,25.600000381469727,25.600000381469727,25.600000381469727,25.600000381469727,24.169443130493164,-0.8023626296377868,0.0,0.0,0.0
2019-05-20,25.82999992370605,25.86000061035156,25.56999969482422,25.600000381469727,24.169443130493164,-0.1847032083973969,0.0,0.0,0.0
2019-05-21,25.850000381469727,25.850000381469727,25.57299995422364,25.78400039672852,24.343158721923828,-0.6713439645261889,0.7187405621749576,0.173715591430664,0.17371559143066406
2019-05-22,25.81999969482422,25.850000381469727,25.61000061035156,25.61000061035156,24.178884506225582,-0.2782879691913954,-0.6748270328217454,-0.1642742156982457,-0.16427421569824574
2019-05-23,25.738000869750977,25.739999771118164,25.58300018310547,25.655000686645508,24.22136878967285,-0.3718727299853939,0.1757082029004708,0.0424842834472691,0.04248428344726918
2019-05-24,25.708999633789062,25.708999633789062,25.708999633789062,25.708999633789062,24.272350311279297,-0.6713439645261889,0.210481587763045,0.0509815216064453,0.05098152160644531
2019-05-28,25.68000030517578,25.78899955749512,25.68000030517578,25.78899955749512,24.34787940979004,-0.5403252994145912,0.3111734032432922,0.0755290985107421,0.07552909851074219
2019-05-29,25.729999542236328,25.8799991607666,25.729999542236328,25.8799991607666,24.433794021606445,0.5452579257957911,0.3528628114605414,0.0859146118164062,0.08591461181640625
2019-05-30,25.621999740600582,25.98699951171875,25.621999740600582,25.75900077819824,24.674224853515625,0.5265409736369915,0.9840094080214136,0.2404308319091797,0.2404308319091797
2019-05-31,25.709999084472656,25.84000015258789,25.670000076293945,25.84000015258789,24.75181198120117,0.1709188826197972,0.3144460591818276,0.0775871276855433,0.07758712768554332
2019-06-03,25.600000381469727,25.81999969482422,25.600000381469727,25.76300048828125,24.678056716918945,-0.3157218735089948,-0.2979792523401525,-0.073755264282223,-0.07375526428222301
2019-06-04,25.71299934387207,25.8799991607666,25.66200065612793,25.8799991607666,24.790128707885746,-0.0162506389681996,0.4541362079371724,0.1120719909668004,0.11207199096680043
2019-06-05,25.76000022888184,26.100000381469727,25.76000022888184,26.065000534057617,24.96733856201172,-0.4467405386205926,0.7148403956031224,0.177209854125973,0.177209854125973
2019-06-06,25.895999908447266,26.0,25.864999771118164,25.864999771118164,24.775758743286133,-0.6339100602085896,-0.7673217481701355,-0.1915798187255859,-0.19157981872558594
2019-06-07,25.70800018310547,25.8799991607666,25.57999992370605,25.82900047302246,24.74127769470215,-0.5403252994145912,-0.1391725231959961,-0.0344810485839843,-0.034481048583984375
2019-06-10,25.94300079345703,25.950000762939453,25.834999084472656,25.89900016784668,24.80832862854004,-0.5403252994145912,0.2710083717796463,0.0670509338378906,0.06705093383789062
2019-06-11,25.89999961853028,25.89999961853028,25.6200008392334,25.849000930786133,24.76043510437012,-0.5964761558909902,-0.1930542153284031,-0.0478935241699183,-0.04789352416991832
2019-06-12,25.809999465942383,25.809999465942383,25.68199920654297,25.700000762939453,24.61771011352539,-0.6339100602085896,-0.5764235977401722,-0.1427249908447301,-0.14272499084473012
2019-06-13,25.88800048828125,25.88800048828125,25.63999938964844,25.718000411987305,24.634950637817383,-0.5028913950969918,0.0700330136819582,0.0172405242919921,0.017240524291992188
2019-06-14,25.81800079345703,25.81800079345703,25.81800079345703,25.81800079345703,24.73074150085449,-0.7462117731613878,0.3888413029334625,0.0957908630371058,0.09579086303710582
2019-06-17,25.75,25.75,25.725000381469727,25.725000381469727,24.641658782958984,-0.7462117731613878,-0.3602104607030365,-0.0890827178955042,-0.08908271789550426
2019-06-18,25.749000549316406,25.999000549316406,25.65999984741211,25.999000549316406,24.90411758422852,-0.5590422515733908,1.065102002999252,0.2624588012695348,0.2624588012695348
2019-06-19,25.700000762939453,26.006000518798828,25.700000762939453,25.87800025939941,24.78821182250977,-0.2970049213501951,-0.4654080247041281,-0.11590576171875,-0.11590576171875
2019-06-20,25.71999931335449,25.71999931335449,25.700000762939453,25.700000762939453,24.61771011352539,-0.5403252994145912,-0.687833838944163,-0.1705017089843785,-0.17050170898437855
2019-06-21,25.71999931335449,25.809999465942383,25.709999084472656,25.76000022888184,24.67518424987793,0.1147680261433981,0.233466622555456,0.057474136352539,0.05747413635253906
2019-06-24,25.71999931335449,25.89800071716309,25.71999931335449,25.89800071716309,24.807373046875,-0.484174442938192,0.5357155418108883,0.1321887969970703,0.1321887969970703
2019-06-25,26.099000930786133,26.100000381469727,25.93000030517578,25.941999435424805,24.849517822265625,-0.5403252994145912,0.1698881026660492,0.042144775390625,0.042144775390625
2019-06-26,25.85700035095215,26.052000045776367,25.85700035095215,25.91399955749512,24.822696685791016,-0.6151931080497899,-0.1079342330360111,-0.0268211364746093,-0.026821136474609375
2019-06-27,25.905000686645508,25.944000244140625,25.902999877929688,25.93199920654297,24.839937210083008,-0.5964761558909902,0.0694546789586469,0.0172405242919921,0.017240524291992188
2019-06-28,25.934999465942383,26.07999992370605,25.934999465942383,25.972000122070312,24.87825393676757,-0.6151931080497899,0.1542545231113301,0.0383167266845667,0.03831672668456321
2019-07-01,26.01000022888184,26.049999237060547,25.850000381469727,25.850000381469727,24.76139259338379,-0.5964761558909902,-0.4697328987830484,-0.1168613433837855,-0.11686134338378196
2019-07-02,25.999000549316406,26.049999237060547,25.999000549316406,26.049999237060547,24.952970504760746,-0.6900609166849887,0.7736960296334194,0.1915779113769566,0.19157791137695668
2019-07-03,25.88500022888184,26.100000381469727,25.88500022888184,26.025999069213867,24.92997932434082,-0.4093066343029932,-0.0921380499188995,-0.0229911804199254,-0.022991180419925428
2019-07-05,25.75,25.989999771118164,25.739999771118164,25.989999771118164,24.89549446105957,-0.6339100602085896,-0.1383268827968131,-0.03448486328125,-0.03448486328125
2019-07-08,26.097999572753903,26.097999572753903,25.858999252319336,25.902999877929688,24.81216049194336,-0.6339100602085896,-0.3347351435279089,-0.0833339691162109,-0.08333396911621094
2019-07-09,25.82999992370605,26.04800033569336,25.799999237060547,25.8799991607666,24.790128707885746,0.1522019304609975,-0.0887942993306301,-0.0220317840576136,-0.022031784057613635
2019-07-10,26.027999877929688,26.027999877929688,25.79800033569336,25.79800033569336,24.711584091186523,-0.3718727299853939,-0.3168382771414846,-0.0785446166992223,-0.0785446166992223
2019-07-11,25.850000381469727,25.979999542236328,25.850000381469727,25.864999771118164,24.775758743286133,-0.5028913950969918,0.2596946106846243,0.0641746520996093,0.06417465209960938
2019-07-12,26.097000122070312,26.097000122070312,26.097000122070312,26.097000122070312,24.997989654541016,-0.7462117731613878,0.896969144547799,0.2222309112548828,0.2222309112548828
2019-07-15,25.850000381469727,26.030000686645508,25.850000381469727,26.0,24.905075073242188,-0.5216083472557914,-0.3716882140638478,-0.0929145812988281,-0.09291458129882812
2019-07-16,25.92099952697754,25.96999931335449,25.90399932861328,25.915000915527344,24.823654174804688,-0.2034201605561966,-0.3269249267390361,-0.0814208984375,-0.0814208984375
2019-07-17,25.950000762939453,26.25,25.950000762939453,26.1879997253418,25.08515739440918,-0.5403252994145912,1.0534436943208323,0.2615032196044922,0.2615032196044922
2019-07-18,26.43000030517578,26.43000030517578,25.950000762939453,26.100000381469727,25.000865936279297,0.0960510739845984,-0.3360212447726884,-0.0842914581298828,-0.08429145812988281
2019-07-19,25.96699905395508,26.099000930786133,25.96699905395508,26.097000122070312,24.997989654541016,-0.4654574907793923,-0.0115047284586555,-0.0028762817382812,-0.00287628173828125
2019-07-22,25.8799991607666,26.07699966430664,25.8799991607666,26.07699966430664,24.97883415222168,-0.4654574907793923,-0.0766281712411887,-0.0191555023193359,-0.019155502319335938
2019-07-23,26.01799964904785,26.05599975585937,26.01799964904785,26.05599975585937,24.958717346191406,-0.6526270123673893,-0.0805354081286569,-0.0201168060302734,-0.020116806030273438
2019-07-24,26.1299991607666,26.1299991607666,26.020999908447266,26.020999908447266,24.92519187927246,-0.6339100602085896,-0.1343236771903289,-0.0335254669189453,-0.03352546691894531
2019-07-25,25.959999084472656,26.100000381469727,25.93000030517578,26.100000381469727,25.000865936279297,-0.484174442938192,0.3036047119451268,0.0756740570068359,0.07567405700683594
2019-07-26,25.982999801635746,26.0049991607666,25.982999801635746,26.0049991607666,24.909862518310547,-0.3905896821441936,-0.3640010638059299,-0.09100341796875,-0.09100341796875
2019-07-29,25.89299964904785,25.89299964904785,25.89299964904785,25.89299964904785,24.802579879760746,-0.7087778688437884,-0.4306833828205181,-0.1072826385498011,-0.10728263854980113
2019-07-30,25.93099975585937,25.93099975585937,25.84000015258789,25.850000381469727,24.76139259338379,-0.2595710170325957,-0.1660604928060971,-0.0411872863769566,-0.04118728637695668
2019-07-31,25.948999404907227,26.1299991607666,25.89999961853028,26.11000061035156,25.01044273376465,-0.053684543285799,1.0058002167753877,0.2490501403808593,0.24905014038085938
2019-08-01,26.1259994506836,26.1259994506836,26.1259994506836,26.1259994506836,25.025768280029297,-0.7274948210025881,0.0612765892542999,0.0153255462646484,0.015325546264648438
2019-08-02,26.42399978637696,26.43000030517578,25.82999992370605,26.13999938964844,25.0391788482666,-0.4654574907793923,0.0535870391160209,0.0134105682373046,0.013410568237304688
2019-08-05,26.33799934387207,26.33799934387207,26.0939998626709,26.18000030517578,25.07749557495117,-0.6339100602085896,0.1530270897331043,0.0383167266845667,0.03831672668456676
2019-08-06,25.96699905395508,26.1299991607666,25.96699905395508,26.100000381469727,25.000865936279297,-0.484174442938192,-0.3055713376275637,-0.0766296386718714,-0.07662963867187145
2019-08-07,25.76000022888184,26.1299991607666,25.75,26.1299991607666,25.029600143432617,-0.4467405386205926,0.1149328476323763,0.0287342071533203,0.028734207153320312
2019-08-08,25.99300003051757,26.1299991607666,25.99099922180176,26.1299991607666,25.029600143432617,-0.5216083472557914,0.0,0.0,0.0
2019-08-09,26.099000930786133,26.100000381469727,25.790000915527344,26.100000381469727,25.000865936279297,-0.5777592037321905,-0.1148009036846753,-0.0287342071533203,-0.028734207153320312
2019-08-12,25.812000274658203,26.049999237060547,25.812000274658203,26.049999237060547,24.952970504760746,-0.3157218735089948,-0.1915750904013635,-0.0478954315185511,-0.047895431518551135
2019-08-13,25.82999992370605,25.89999961853028,25.82999992370605,25.89999961853028,24.80928611755371,-0.5590422515733908,-0.5758207712369234,-0.1436843872070348,-0.1436843872070348
2019-08-14,26.049999237060547,26.1200008392334,25.76000022888184,26.100000381469727,25.000865936279297,-0.5964761558909902,0.7722101225235756,0.1915798187255859,0.19157981872558594
2019-08-15,26.10400009155273,26.18000030517578,25.80699920654297,26.100000381469727,25.000865936279297,-0.5777592037321905,0.0,0.0,0.0
2019-08-16,26.165000915527344,26.39999961853028,25.81999969482422,26.100000381469727,25.000865936279297,-0.2221371127149963,0.0,0.0,0.0
2019-08-19,26.3700008392334,26.3700008392334,26.10700035095215,26.11000061035156,25.01044273376465,-0.1285523519209978,0.0383058631239441,0.0095767974853515,0.009576797485351562
2019-08-20,26.21999931335449,26.38999938964844,25.89999961853028,26.21999931335449,25.11581039428711,-0.4093066343029932,0.421294663369598,0.1053676605224609,0.10536766052246094
2019-08-21,26.21999931335449,26.34000015258789,25.989999771118164,26.21999931335449,25.11581039428711,-0.4654574907793923,0.0,0.0,0.0
2019-08-22,26.09600067138672,26.09600067138672,25.920000076293945,26.09000015258789,24.99128532409668,-0.5403252994145912,-0.495803512749704,-0.1245250701904296,-0.12452507019042969
2019-08-23,26.12700080871582,26.12700080871582,26.030000686645508,26.089000701904297,24.990327835083008,-0.5777592037321905,-0.0038312915932703,-0.0009574890136718,-0.000957489013671875
2019-08-26,26.125,26.125,26.125,26.125,25.024810791015625,-0.6900609166849887,0.1379852083581267,0.0344829559326171,0.03448295593261719
2019-08-27,26.0,26.09000015258789,25.920000076293945,26.07999992370605,24.98170661926269,0.3580884042077942,-0.1722457448845471,-0.0431041717529332,-0.04310417175293324
2019-08-28,26.209999084472656,26.209999084472656,26.1200008392334,26.190000534057617,25.08707427978516,-0.5590422515733908,0.4217792728428815,0.105367660522468,0.10536766052246804
2019-08-29,26.04899978637696,26.100000381469727,26.04899978637696,26.100000381469727,25.36109161376953,-0.6713439645261889,1.0922650083799113,0.2740173339843714,0.27401733398437145
2019-08-30,25.972000122070312,26.049999237060547,25.926000595092773,26.049999237060547,25.3125057220459,-0.4093066343029932,-0.1915765001899716,-0.0485858917236328,-0.04858589172363281
2019-09-03,26.09000015258789,26.09000015258789,25.64999961853028,25.64999961853028,24.92383003234864,-0.2221371127149963,-1.5355085504583088,-0.3886756896972621,-0.3886756896972585
2019-09-04,25.700000762939453,25.89999961853028,25.68199920654297,25.88999938964844,25.15703392028809,-0.4280235864617929,0.935666338747998,0.2332038879394531,0.23320388793944957
2019-09-05,25.950000762939453,25.965999603271484,25.788000106811523,25.89699935913086,25.163837432861328,0.4516731650017926,0.0270441761727413,0.0068035125732386,0.006803512573238635
2019-09-06,25.69799995422364,26.0,25.69799995422364,26.0,25.2639217376709,-0.5028913950969918,0.3977306922149815,0.1000843048095703,0.10008430480957031
2019-09-09,25.75,25.979999542236328,25.75,25.979999542236328,25.24448776245117,-0.6151931080497899,-0.0769238260849736,-0.0194339752197301,-0.019433975219730115
2019-09-10,25.76000022888184,26.01000022888184,25.71999931335449,26.01000022888184,25.27363967895508,1.293936012147779,0.1154783443349405,0.0291519165039133,0.029151916503913355
2019-09-11,25.84199905395508,26.01000022888184,25.84199905395508,26.01000022888184,25.27363967895508,-0.6339100602085896,0.0,0.0,0.0
2019-09-12,26.01000022888184,26.07699966430664,26.01000022888184,26.07699966430664,25.338741302490234,-0.5216083472557914,0.2575870526055013,0.0651016235351527,0.0651016235351527
2019-09-13,26.059999465942383,26.13999938964844,26.0,26.100000381469727,25.36109161376953,0.919596968971785,0.0882060833743869,0.0223503112792968,0.022350311279296875
2019-09-16,25.670000076293945,25.81100082397461,25.670000076293945,25.81100082397461,25.080272674560547,-0.6339100602085896,-1.1072825392757002,-0.2808189392089844,-0.2808189392089844
2019-09-17,26.0,26.100000381469727,25.881000518798828,26.07999992370605,25.34165573120117,-0.1285523519209978,1.0421858646925577,0.2613830566406214,0.26138305664062145
2019-09-18,25.763999938964844,26.07999992370605,25.57999992370605,26.07999992370605,25.34165573120117,-0.3344388256677945,0.0,0.0,0.0
2019-09-19,25.6200008392334,25.96999931335449,25.56999969482422,25.96999931335449,25.234769821166992,-0.5216083472557914,-0.4217795047328998,-0.1068859100341761,-0.10688591003417613
2019-09-20,26.020000457763672,26.020000457763672,25.670000076293945,25.75,25.020999908447266,-0.484174442938192,-0.8471244803684108,-0.2137699127197265,-0.21376991271972656
2019-09-23,26.07999992370605,26.07999992370605,25.75,25.799999237060547,25.069583892822266,0.0960510739845984,0.1941728330313363,0.048583984375,0.048583984375
2019-09-24,25.799999237060547,26.07999992370605,25.79400062561035,25.79400062561035,25.06375503540039,-0.0349675911269993,-0.0232507146779692,-0.005828857421875,-0.005828857421875
2019-09-25,25.85700035095215,25.85700035095215,25.788000106811523,25.83099937438965,25.09970664978028,-0.5590422515733908,0.143440654958149,0.0359516143798863,0.03595161437988992
2019-09-26,25.729999542236328,26.0,25.729999542236328,25.81800079345703,25.08707427978516,-0.2782879691913954,-0.0503287555164599,-0.0126323699951171,-0.01263236999512074
2019-09-27,25.93899917602539,26.030000686645508,25.891000747680664,25.934999465942383,25.200761795043945,-0.5403252994145912,0.4531716771388971,0.1136875152587855,0.11368751525878551
2019-09-30,25.739999771118164,26.07999992370605,25.739999771118164,26.07999992370605,25.34165573120117,1.3313699164653785,0.5590860201096337,0.140893936157223,0.140893936157223
2019-10-01,25.94300079345703,26.040000915527344,25.88599967956543,26.040000915527344,25.30278968811035,-0.1659862562385972,-0.1533682072831776,-0.0388660430908167,-0.03886604309081676
2019-10-02,26.17099952697754,26.309999465942383,26.17099952697754,26.280000686645508,25.53599548339844,-0.4654574907793923,0.9216604104237192,0.2332057952880895,0.2332057952880895
2019-10-03,25.944000244140625,26.309999465942383,25.75,26.200000762939453,25.458261489868164,0.8634461124953859,-0.3044094896586857,-0.0777339935302769,-0.07773399353027699
2019-10-04,25.76000022888184,26.138999938964844,25.76000022888184,26.138999938964844,25.39898681640625,-0.6151931080497899,-0.2328307983068822,-0.059274673461914,-0.05927467346191406
2019-10-07,25.96500015258789,26.04199981689453,25.916000366210938,25.989999771118164,25.25420379638672,-0.5403252994145912,-0.5700346280191337,-0.1447830200195312,-0.14478302001953125
2019-10-08,25.94799995422364,26.07999992370605,25.94799995422364,26.07999992370605,25.34165573120117,-0.5777592037321905,0.346286644075322,0.0874519348144495,0.08745193481444957
2019-10-09,25.93400001525879,26.07999992370605,25.93400001525879,26.07999992370605,25.34165573120117,-0.1659862562385972,0.0,0.0,0.0
2019-10-10,25.93899917602539,26.100000381469727,25.93899917602539,26.100000381469727,25.36109161376953,-0.6713439645261889,0.0766953934443703,0.0194358825683629,0.019435882568362928
2019-10-11,25.90900039672852,26.100000381469727,25.90900039672852,26.100000381469727,25.36109161376953,-0.5403252994145912,0.0,0.0,0.0
2019-10-14,26.09000015258789,26.09000015258789,26.09000015258789,26.09000015258789,25.351375579833984,-0.7462117731613878,-0.0383107875777333,-0.0097160339355468,-0.009716033935546875
2019-10-15,26.030000686645508,26.100000381469727,25.95599937438965,26.05699920654297,25.319307327270508,-0.2595710170325957,-0.1264951184305141,-0.0320682525634765,-0.03206825256347656
2019-10-16,26.742000579833984,26.742000579833984,26.07099914550781,26.586000442504883,25.83333206176757,-0.053684543285799,2.030169024187445,0.5140247344970668,0.5140247344970632
2019-10-17,26.5,26.5,26.190000534057617,26.190000534057617,25.448543548583984,-0.3531557778265942,-1.4895039953172096,-0.3847885131835902,-0.38478851318358664
2019-10-18,26.10099983215332,26.5,26.10099983215332,26.5,25.7497673034668,-0.4654574907793923,1.1836581307993033,0.301223754882816,0.30122375488281605
2019-10-21,26.270000457763672,26.270000457763672,25.96999931335449,26.190000534057617,25.448543548583984,0.2270697390961963,-1.1698115611408322,-0.301223754882816,-0.30122375488281605
2019-10-22,26.0310001373291,26.0310001373291,25.802000045776367,26.0,25.2639217376709,-0.3344388256677945,-0.7254710296509592,-0.1846218109130859,-0.18462181091308594
2019-10-23,26.15999984741211,26.15999984741211,25.8799991607666,25.8799991607666,25.14731788635254,-0.5590422515733908,-0.4615429565097639,-0.1166038513183593,-0.11660385131835938
2019-10-24,26.5,26.5,26.07299995422364,26.07299995422364,25.334856033325195,-0.6339100602085896,0.7457580479166559,0.1875381469726562,0.18753814697265625
2019-10-25,26.41399955749512,26.41399955749512,26.113000869750977,26.1200008392334,25.38052558898925,0.0211832653493997,0.1802637267959372,0.0456695556640589,0.045669555664055395
2019-10-28,25.97699928283692,25.97699928283692,25.94599914550781,25.94599914550781,25.211450576782227,-0.5964761558909902,-0.6661604056000248,-0.1690750122070277,-0.16907501220702414
2019-10-29,26.059999465942383,26.06999969482422,25.84000015258789,25.93400001525879,25.19978904724121,-0.0911184476033984,-0.0462548932101292,-0.0116615295410156,-0.011661529541015625
2019-10-30,25.981000900268555,26.0,25.88800048828125,25.979999542236328,25.24448776245117,-0.1098353997621981,0.1773773388585198,0.0446987152099573,0.044698715209957385
2019-10-31,25.96999931335449,25.979999542236328,25.96999931335449,25.96999931335449,25.234769821166992,-0.5777592037321905,-0.0384952999467502,-0.0097179412841761,-0.009717941284176135
2019-11-01,25.959999084472656,26.5,25.90999984741211,25.983999252319336,25.24837303161621,-0.2970049213501951,0.0539066159335854,0.0136032104492187,0.01360321044921875
2019-11-04,25.950000762939453,26.0,25.94499969482422,26.0,25.2639217376709,-0.3344388256677945,0.0615830019432106,0.0155487060546875,0.0155487060546875
2019-11-05,26.450000762939453,26.49399948120117,26.246000289916992,26.25,25.50684356689453,-0.4467405386205926,0.9615365015219092,0.2429218292236328,0.2429218292236328
2019-11-06,25.874000549316406,26.049999237060547,25.874000549316406,25.8799991607666,25.14731788635254,-0.3718727299853939,-1.409526347699963,-0.3595256805419922,-0.3595256805419922
2019-11-07,25.92300033569336,26.200000762939453,25.92300033569336,26.03199958801269,25.295015335083008,0.7511443995425878,0.5873288332296722,0.1476974487304687,0.14769744873046875
2019-11-08,26.0,26.075000762939453,26.0,26.01000022888184,25.27363967895508,-0.4467405386205926,-0.0845054088513652,-0.0213756561279261,-0.021375656127926135
2019-11-11,26.01000022888184,26.040000915527344,25.96999931335449,26.01000022888184,25.27363967895508,-0.0162506389681996,0.0,0.0,0.0
2019-11-12,26.1200008392334,26.200000762939453,26.041000366210938,26.200000762939453,25.458261489868164,-0.5590422515733908,0.7304915843475257,0.1846218109130823,0.18462181091308238
2019-11-13,25.92399978637696,26.07999992370605,25.92399978637696,25.98200035095215,25.246431350708008,-0.3905896821441936,-0.8320683611662161,-0.2118301391601562,-0.21183013916015625
2019-11-14,26.13999938964844,26.13999938964844,25.90999984741211,25.950000762939453,25.2153377532959,1.1816342991949809,-0.1231603666283609,-0.0310935974121093,-0.031093597412109375
2019-11-15,25.90999984741211,26.0,25.888999938964844,25.950000762939453,25.2153377532959,1.7431428639589717,0.0,0.0,0.0
2019-11-18,26.15999984741211,26.200000762939453,26.01099967956543,26.01099967956543,25.274608612060547,-0.4093066343029932,0.2350587540985937,0.0592708587646484,0.05927085876464844
2019-11-19,25.871000289916992,26.200000762939453,25.871000289916992,26.06999969482422,25.331939697265625,-0.4654574907793923,0.226832731952653,0.0573310852050781,0.057331085205078125
2019-11-20,26.190000534057617,26.200000762939453,25.847999572753903,26.190000534057617,25.448543548583984,-0.1098353997621981,0.4603036826704043,0.1166038513183593,0.11660385131835938
2019-11-21,25.725000381469727,26.18000030517578,25.725000381469727,26.107999801635746,25.36886405944824,-0.5777592037321905,-0.3131003901407081,-0.0796794891357457,-0.07967948913574574
2019-11-22,25.959999084472656,26.200000762939453,25.950000762939453,26.167999267578125,25.42716407775879,-0.0349675911269993,0.2298093370437515,0.0583000183105504,0.05830001831055043
2019-11-25,26.084999084472656,26.25,26.0,26.25,25.50684356689453,0.3206544998901948,0.3133636487815616,0.0796794891357421,0.07967948913574219
2019-11-26,26.020000457763672,26.14999961853028,25.959999084472656,26.075000762939453,25.33679962158203,-0.3531557778265942,-0.6666600862099692,-0.1700439453125,-0.1700439453125
2019-11-27,26.0,26.0,25.72599983215332,25.799999237060547,25.43241500854492,-0.5028913950969918,0.3773775235663246,0.095615386962887,0.09561538696288707
2019-11-29,26.0,26.0,25.871999740600582,25.871999740600582,25.50339126586914,-0.5590422515733908,0.2790779298795565,0.0709762573242223,0.0709762573242223
2019-12-02,26.0,26.0,25.738000869750977,26.0,25.62956619262696,-0.1659862562385972,0.4947378387543111,0.126174926757816,0.1261749267578196
2019-12-03,25.85099983215332,26.0,25.85099983215332,26.0,25.62956619262696,-0.240854064873796,0.0,0.0,0.0
2019-12-04,25.850000381469727,25.959999084472656,25.78899955749512,25.959999084472656,25.59013557434082,-0.5028913950969918,-0.1538481689068893,-0.0394306182861363,-0.03943061828613992
2019-12-05,25.809999465942383,26.0,25.809999465942383,26.0,25.62956619262696,-0.5964761558909902,0.1540852262059688,0.0394306182861363,0.03943061828613992
2019-12-06,25.895999908447266,26.239999771118164,25.799999237060547,26.239999771118164,25.86614799499512,-0.3157218735089948,0.9230815714556416,0.236581802368164,0.2365818023681605
2019-12-09,25.99799919128418,26.027000427246094,25.799999237060547,25.850000381469727,25.481704711914062,-0.2221371127149963,-1.4862796082178331,-0.3844432830810582,-0.38444328308105824
2019-12-10,25.99799919128418,26.0,25.867000579833984,25.905000686645508,25.53592109680176,-0.3905896821441936,0.2127659255950487,0.0542163848876988,0.054216384887698865
2019-12-11,25.96999931335449,26.10300064086914,25.89999961853028,25.9950008392334,25.6246395111084,-0.5590422515733908,0.3474259415602088,0.088718414306637,0.08871841430663707
2019-12-12,25.90999984741211,25.90999984741211,25.75,25.75,25.383129119873047,-0.3344388256677945,-0.94249283440907,-0.2415103912353515,-0.24151039123535156
2019-12-13,25.809999465942383,25.940000534057617,25.809999465942383,25.940000534057617,25.570423126220703,-0.5777592037321905,0.73786807553613,0.1872940063476562,0.18729400634765625
2019-12-16,25.761999130249023,26.0,25.761999130249023,26.0,25.62956619262696,-0.6713439645261889,0.2312948288509364,0.0591430664062535,0.059143066406257105
2019-12-17,26.0,26.0,26.0,26.0,25.62956619262696,-0.7274948210025881,0.0,0.0,0.0
2019-12-18,25.929000854492188,26.0,25.88599967956543,25.929000854492188,25.559579849243164,-0.5403252994145912,-0.2730687786823615,-0.0699863433837926,-0.06998634338379617
2019-12-19,26.13999938964844,26.14999961853028,25.902000427246094,25.902000427246094,25.5329647064209,0.0399002175081994,-0.1041298134759949,-0.0266151428222656,-0.026615142822265625
2019-12-20,25.975000381469727,26.1299991607666,25.804000854492188,25.975000381469727,25.604923248291016,-0.240854064873796,0.2818260342952738,0.0719585418701171,0.07195854187011719
2019-12-23,26.14999961853028,26.14999961853028,26.097999572753903,26.097999572753903,25.72616958618164,-0.5777592037321905,0.4735274412459578,0.121246337890625,0.121246337890625
2019-12-24,25.97599983215332,26.05500030517578,25.97599983215332,26.02300071716309,25.652240753173828,-0.6151931080497899,-0.2873682098695429,-0.0739288330078125,-0.0739288330078125
2019-12-26,26.03899955749512,26.14999961853028,25.99300003051757,26.14999961853028,25.77742958068848,-0.3344388256677945,0.4880229712453499,0.125188827514652,0.125188827514652
2019-12-27,25.850000381469727,26.09000015258789,25.850000381469727,25.98200035095215,25.61182403564453,0.0399002175081994,-0.6424439819554983,-0.1656055450439488,-0.16560554504394887
2019-12-30,25.81999969482422,26.13999938964844,25.81999969482422,26.08799934387207,25.716312408447266,-0.2970049213501951,0.4079692748838015,0.1044883728027343,0.10448837280273438
2019-12-31,26.100000381469727,26.14999961853028,26.0,26.1200008392334,25.74785804748535,-0.3905896821441936,0.1226678169756745,0.0315456390380859,0.03154563903808594
2020-01-02,25.972000122070312,26.14999961853028,25.972000122070312,26.14699935913086,25.774471282958984,-0.6151931080497899,0.1033609686077685,0.0266132354736328,0.026613235473632812
2020-01-03,26.14999961853028,26.381999969482425,26.097999572753903,26.16900062561035,25.79615974426269,-0.1472693040797975,0.0841470657753085,0.0216884613037073,0.021688461303707385
2020-01-06,26.13999938964844,26.14999961853028,26.030000686645508,26.100000381469727,25.7281436920166,0.4142392606841933,-0.2636673556079105,-0.0680160522460902,-0.0680160522460902
2020-01-07,26.100000381469727,26.14999961853028,25.850000381469727,25.950000762939453,25.58028030395508,0.3019375477313951,-0.5747145609552917,-0.1478633880615198,-0.14786338806151988
2020-01-08,26.100000381469727,26.100000381469727,25.82999992370605,25.850000381469727,25.481704711914062,1.4623885815769762,-0.3853577477248238,-0.0985755920410191,-0.09857559204101918
2020-01-09,25.979999542236328,26.0,25.785999298095703,25.850000381469727,25.481704711914062,1.1816342991949809,0.0,0.0,0.0
2020-01-10,25.88999938964844,25.88999938964844,25.78300094604492,25.80500030517578,25.437345504760746,-0.4093066343029932,-0.1740825727902573,-0.0443592071533167,-0.04435920715331676
2020-01-13,25.799999237060547,25.959999084472656,25.770000457763672,25.850000381469727,25.481704711914062,2.47310399815216,0.17438614868448,0.0443592071533167,0.04435920715331676
2020-01-14,25.8799991607666,25.8799991607666,25.59000015258789,25.827999114990234,25.46001625061035,1.0318986819245832,-0.085113855406893,-0.0216884613037109,-0.021688461303710938
2020-01-15,25.82999992370605,25.850000381469727,25.700000762939453,25.82999992370605,25.46198844909668,-0.2595710170325957,0.0077462577671383,0.0019721984863281,0.001972198486328125
2020-01-16,25.84000015258789,25.84000015258789,25.700000762939453,25.77499961853028,25.407772064208984,0.1522019304609975,-0.2129306789848128,-0.0542163848876953,-0.05421638488769531
2020-01-17,25.850000381469727,25.850000381469727,25.690000534057617,25.690000534057617,25.323984146118164,1.106766490559782,-0.3297727871577116,-0.0837879180908203,-0.08378791809082031
2020-01-21,25.84000015258789,25.84000015258789,25.700000762939453,25.700000762939453,25.33384132385254,-0.3531557778265942,0.0389242769917252,0.009857177734375,0.009857177734375
2020-01-22,25.799999237060547,25.82999992370605,25.67200088500977,25.761999130249023,25.39495658874512,-0.5777592037321905,0.2412396292821084,0.0611152648925816,0.06111526489258168
2020-01-23,25.82999992370605,25.82999992370605,25.82999992370605,25.82999992370605,25.46198844909668,-0.6526270123673893,0.263957373257595,0.0670318603515589,0.06703186035155895
2020-01-24,25.809999465942383,25.89999961853028,25.763999938964844,25.84000015258789,25.471847534179688,-0.3344388256677945,0.038720797877656,0.0098590850830078,0.009859085083007812
2020-01-27,25.74099922180176,25.84000015258789,25.700000762939453,25.76099967956543,25.393972396850582,0.3768053563665939,-0.3057302271639583,-0.0778751373291051,-0.07787513732910512
2020-01-28,25.847000122070312,25.959999084472656,25.847000122070312,25.89299964904785,25.52409172058105,-0.6151931080497899,0.5124023988724469,0.1301193237304687,0.13011932373046875
2020-01-29,25.920000076293945,25.96199989318848,25.920000076293945,25.96199989318848,25.59210777282715,-0.5216083472557914,0.2664778554735125,0.0680160522460973,0.0680160522460973
2020-01-30,25.881999969482425,25.895999908447266,25.77199935913086,25.85099983215332,25.4826889038086,0.1896358347785969,-0.4275492663200153,-0.1094188690185511,-0.10941886901854758
2020-01-31,25.780000686645508,25.854999542236328,25.770000457763672,25.780000686645508,25.412702560424805,-0.240854064873796,-0.27464269429327,-0.0699863433837926,-0.06998634338379617
2020-02-03,25.85400009155273,25.940000534057617,25.85400009155273,25.940000534057617,25.570423126220703,-0.5964761558909902,0.6206367285056746,0.1577205657958984,0.15772056579589844
2020-02-04,25.79800033569336,25.940000534057617,25.79800033569336,25.888999938964844,25.52014923095703,-0.4654574907793923,-0.1966095555615554,-0.0502738952636718,-0.050273895263671875
2020-02-05,25.950000762939453,25.950000762939453,25.89800071716309,25.950000762939453,25.58028030395508,-0.6339100602085896,0.2356219489700661,0.0601310729980504,0.06013107299805043
2020-02-06,25.950000762939453,25.950000762939453,25.81999969482422,25.81999969482422,25.452131271362305,-0.3157218735089948,-0.5009680545719597,-0.128149032592777,-0.128149032592777
2020-02-07,25.90999984741211,25.96999931335449,25.809999465942383,25.864999771118164,25.496490478515625,-0.2221371127149963,0.1742848434984845,0.0443592071533203,0.04435920715332031
2020-02-10,25.96999931335449,25.96999931335449,25.86199951171875,25.86199951171875,25.493532180786133,0.0773341218257987,-0.0116027644353033,-0.0029582977294921,-0.0029582977294921875
2020-02-11,25.878999710083008,25.95800018310547,25.878999710083008,25.891000747680664,25.52212142944336,-0.5403252994145912,0.1121431446003073,0.0285892486572265,0.028589248657226562
2020-02-12,25.864999771118164,25.89999961853028,25.864999771118164,25.89999961853028,25.530990600585938,-0.6526270123673893,0.0347509166394921,0.0088691711425781,0.008869171142578125
2020-02-13,25.96999931335449,25.96999931335449,25.82999992370605,25.93000030517578,25.56056404113769,-0.2595710170325957,0.1158335021715695,0.0295734405517542,0.02957344055175426
2020-02-14,25.89999961853028,25.96999931335449,25.89999961853028,25.96999931335449,25.599994659423828,-0.6151931080497899,0.1542634905187467,0.0394306182861363,0.039430618286136365
2020-02-18,25.96999931335449,25.979999542236328,25.863000869750977,25.979999542236328,25.609851837158203,-0.4654574907793923,0.0385046085575879,0.009857177734375,0.009857177734375
2020-02-19,25.979999542236328,26.100000381469727,25.92799949645996,26.04800033569336,25.67688369750977,-0.5216083472557914,0.2617424762071829,0.067031860351566,0.06703186035156605
2020-02-20,25.950000762939453,26.049999237060547,25.82999992370605,25.958999633789062,25.58915138244629,-0.2970049213501951,-0.3416782040103538,-0.0877323150634801,-0.08773231506348012
2020-02-21,26.030000686645508,26.040000915527344,25.900999069213867,25.910999298095703,25.54183387756348,-0.6151931080497899,-0.184912364523615,-0.0473175048828089,-0.04731750488280895
2020-02-24,26.0,26.0,25.790000915527344,25.94099998474121,25.571407318115234,-0.1098353997621981,0.1157843273647429,0.0295734405517542,0.02957344055175426
2020-02-25,25.950000762939453,26.049999237060547,25.87800025939941,26.049999237060547,25.67885398864746,-0.5777592037321905,0.4201828596899659,0.1074466705322265,0.10744667053222656
2020-02-26,25.89999961853028,26.43000030517578,25.89999961853028,26.11000061035156,25.738000869750977,0.0773341218257987,0.2303330247123369,0.0591468811035156,0.059146881103515625
2020-02-27,25.96999931335449,25.96999931335449,25.530000686645508,25.76000022888184,25.76000022888184,0.7324274473837881,0.0854742341574787,0.0219993591308629,0.021999359130862928
2020-02-28,25.43000030517578,25.839000701904297,25.40999984741211,25.600000381469727,25.600000381469727,0.8821630646541856,-0.6211174145593468,-0.1599998474121129,-0.15999984741211293
2020-03-02,25.78499984741211,25.78499984741211,25.684999465942383,25.684999465942383,25.684999465942383,-0.6151931080497899,0.3320276687737156,0.0849990844726562,0.08499908447265625
2020-03-03,25.6200008392334,25.64999961853028,25.600000381469727,25.600000381469727,25.600000381469727,0.1522019304609975,-0.3309288932840437,-0.0849990844726562,-0.08499908447265625
2020-03-04,25.64999961853028,25.64999961853028,25.48900032043457,25.48900032043457,25.48900032043457,0.4329562128429929,-0.4335939819575252,-0.1110000610351562,-0.11100006103515625
2020-03-05,25.5939998626709,25.6299991607666,25.5,25.540000915527344,25.540000915527344,-0.2970049213501951,0.2000886439311955,0.0510005950927734,0.05100059509277344
2020-03-06,25.40999984741211,25.64999961853028,25.40999984741211,25.64999961853028,25.64999961853028,0.9757478254481842,0.4306918522311243,0.1099987030029332,0.10999870300293679
2020-03-09,25.40999984741211,25.600000381469727,25.40999984741211,25.51000022888184,25.51000022888184,-0.1847032083973969,-0.5458065954406455,-0.1399993896484375,-0.13999938964844105
2020-03-10,25.450000762939453,25.499000549316406,25.01000022888184,25.375,25.375,3.1656312280277485,-0.5292051261096997,-0.1350002288818395,-0.1350002288818395
2020-03-11,25.63999938964844,25.63999938964844,25.17799949645996,25.334999084472656,25.334999084472656,-0.5216083472557914,-0.1576390759698287,-0.0400009155273437,-0.04000091552734375
2020-03-12,25.479999542236328,25.479999542236328,24.0,24.5,24.5,3.8768754100621368,-3.295832305691349,-0.8349990844726562,-0.8349990844726562
2020-03-13,24.86000061035156,25.0,24.100000381469727,24.51000022888184,24.51000022888184,-0.1659862562385972,0.0408172607422097,0.0100002288818394,0.01000022888183949
2020-03-17,23.700000762939453,24.65999984741211,23.700000762939453,24.299999237060547,24.299999237060547,1.0131817297657837,-0.8567971842523003,-0.2100009918212926,-0.21000099182129262
