Date,Open,High,Low,Close,Adj Close,Volume,Daily_Return,Adj Close Diff,Price_Diff
2007-11-09,10.25,10.489999771118164,9.609999656677246,9.760000228881836,9.760000228881836,4.550706775739174,,,
2007-11-12,9.899999618530272,9.899999618530272,8.829999923706055,9.25,9.25,0.3495972384295417,-5.225412058625178,-0.5100002288818359,-0.5100002288818359
2007-11-13,9.100000381469728,9.75,7.25,9.600000381469728,9.600000381469728,-0.0506824431554782,3.783787907780845,0.3500003814697283,0.35000038146972834
2007-11-14,9.5,9.5,9.0,9.0,9.0,-0.7485014807501498,-6.250003725290165,-0.6000003814697283,-0.6000003814697283
2007-11-15,9.0,9.5,9.0,9.010000228881836,9.010000228881836,-0.776329913669333,0.1111136542426116,0.0100002288818359,0.010000228881835938
2007-11-16,9.0,9.25,8.899999618530273,8.949999809265137,8.949999809265137,-0.3507516567032373,-0.6659313883740636,-0.0600004196166992,-0.06000041961669922
2007-11-19,8.949999809265137,9.199999809265137,8.949999809265137,8.949999809265137,8.949999809265137,-0.7600263873126398,0.0,0.0,0.0
2007-11-20,8.970000267028809,9.09000015258789,8.800000190734863,9.039999961853027,9.039999961853027,-1.0324077155822216,1.00558831850166,0.0900001525878906,0.09000015258789062
2007-11-21,8.970000267028809,9.149999618530272,8.850000381469727,9.06999969482422,9.06999969482422,-0.5485021875986458,0.3318554546215324,0.0299997329711931,0.029999732971193183
2007-11-23,9.050000190734863,9.050000190734863,8.789999961853027,8.979999542236328,8.979999542236328,-1.123482586954094,-0.99228396489639,-0.0900001525878924,-0.0900001525878924
2007-11-26,9.100000381469728,9.100000381469728,8.5,8.600000381469727,8.600000381469727,-0.4962184651444226,-4.231616705316322,-0.3799991607666015,-0.37999916076660156
2007-11-27,8.619999885559082,8.989999771118164,7.800000190734863,7.829999923706055,7.829999923706055,-0.7314952161884266,-8.953493297776804,-0.7700004577636719,-0.7700004577636719
2007-11-28,7.900000095367432,8.649999618530273,7.900000095367432,8.510000228881836,8.510000228881836,-0.7968498692562056,8.684550597721174,0.6800003051757812,0.6800003051757812
2007-11-29,8.420000076293945,9.0,8.0,8.600000381469727,8.600000381469727,-1.0558791716302196,1.0575810830467658,0.0900001525878906,0.09000015258789062
2007-11-30,8.600000381469727,9.25,8.600000381469727,8.970000267028809,8.970000267028809,-0.8099207998697613,4.30232405984905,0.369999885559082,0.36999988555908203
2007-12-03,9.18000030517578,9.68000030517578,8.960000038146973,9.609999656677246,9.609999656677246,-0.994600400151614,7.1348870746514415,0.6399993896484375,0.6399993896484375
2007-12-04,9.75,9.75,9.399999618530272,9.399999618530272,9.399999618530272,-1.0737287220379783,-2.185224200305369,-0.2100000381469744,-0.21000003814697443
2007-12-05,9.34000015258789,9.649999618530272,9.270000457763672,9.470000267028809,9.470000267028809,-1.028894024557072,0.7446877802052665,0.0700006484985369,0.07000064849853693
2007-12-06,9.40999984741211,9.43000030517578,9.100000381469728,9.100000381469728,9.100000381469728,-1.1133631568016638,-3.907073654974325,-0.3699998855590802,-0.36999988555908025
2007-12-07,9.050000190734863,9.529999732971191,9.050000190734863,9.300000190734863,9.300000190734863,-0.982794398307112,2.197800009683437,0.1999998092651349,0.19999980926513494
2007-12-10,9.25,9.800000190734863,9.100000381469728,9.470000267028809,9.470000267028809,-1.0461813844008072,1.827957772122501,0.1700000762939453,0.1700000762939453
2007-12-11,9.460000038146973,9.59000015258789,9.109999656677246,9.5,9.5,-1.0457597414777893,0.3167870340578638,0.0299997329711914,0.029999732971191406
2007-12-12,9.739999771118164,9.75,8.829999923706055,9.34000015258789,9.34000015258789,-0.8620639746829785,-1.6842089201274724,-0.1599998474121093,-0.15999984741210938
2007-12-13,9.350000381469728,9.369999885559082,9.0,9.130000114440918,9.130000114440918,-1.1071790605974008,-2.2483943759763925,-0.2100000381469726,-0.21000003814697266
2007-12-14,9.050000190734863,9.289999961853027,8.899999618530273,9.06999969482422,9.06999969482422,-1.0950919634708869,-0.6571787389333617,-0.0600004196166974,-0.06000041961669744
2007-12-17,9.050000190734863,9.050000190734863,8.550000190734863,8.550000190734863,8.550000190734863,-1.0398567405555383,-5.7331810538658985,-0.5199995040893572,-0.5199995040893572
2007-12-18,8.550000190734863,8.600000381469727,7.789999961853027,8.260000228881836,8.260000228881836,-1.023131571275827,-3.391812343668521,-0.2899999618530273,-0.28999996185302734
2007-12-19,8.75,9.0,8.5,8.989999771118164,8.989999771118164,-0.9861675416912554,8.837766610269803,0.7299995422363281,0.7299995422363281
2007-12-20,8.989999771118164,9.0,8.550000190734863,8.800000190734863,8.800000190734863,-1.0574251956812852,-2.1134547855463315,-0.1899995803833007,-0.18999958038330078
2007-12-21,8.75,8.9399995803833,8.449999809265137,8.609999656677246,8.609999656677246,-0.9258726036996916,-2.1590969311303,-0.1900005340576172,-0.1900005340576172
2007-12-24,8.550000190734863,9.0,8.350000381469727,8.989999771118164,8.989999771118164,-1.0310022391721618,4.413474211305224,0.3800001144409179,0.38000011444091797
2007-12-26,8.890000343322754,8.90999984741211,8.729999542236328,8.899999618530273,8.899999618530273,-1.0790695323962056,-1.0011140698471532,-0.0900001525878906,-0.09000015258789062
2007-12-27,9.0,9.199999809265137,8.800000190734863,9.010000228881836,9.010000228881836,-0.8184942059711259,1.2359619670380129,0.1100006103515625,0.1100006103515625
2007-12-28,8.989999771118164,9.130000114440918,8.829999923706055,9.029999732971191,9.029999732971191,-0.9902434232804288,0.2219700730444751,0.0199995040893554,0.01999950408935547
2007-12-31,9.149999618530272,9.149999618530272,8.989999771118164,8.989999771118164,8.989999771118164,-0.9667719672324306,-0.4429674754803825,-0.0399999618530273,-0.039999961853027344
2008-01-02,8.989999771118164,9.100000381469728,8.989999771118164,9.100000381469728,9.100000381469728,-0.9389435343132474,1.2235885778880462,0.1100006103515642,0.11000061035156428
2008-01-03,9.100000381469728,9.199999809265137,9.010000228881836,9.130000114440918,9.130000114440918,-0.9553876083109466,0.3296673814682238,0.0299997329711896,0.02999973297118963
2008-01-04,9.0,9.109999656677246,8.899999618530273,9.029999732971191,9.029999732971191,-1.0279101910700303,-1.0952944163884035,-0.1000003814697265,-0.10000038146972656
2008-01-07,9.420000076293944,9.420000076293944,8.40999984741211,8.710000038146973,8.710000038146973,-1.0630471013215244,-3.543739803843027,-0.3199996948242187,-0.31999969482421875
2008-01-08,8.75,8.84000015258789,8.25,8.390000343322754,8.390000343322754,-1.0040170920990144,-3.6739344824652576,-0.3199996948242187,-0.31999969482421875
2008-01-09,8.40999984741211,8.489999771118164,8.100000381469727,8.109999656677246,8.109999656677246,-1.070917769217859,-3.337314364573873,-0.2800006866455078,-0.2800006866455078
2008-01-10,8.140000343322754,8.25,8.100000381469727,8.140000343322754,8.140000343322754,-1.0662796970646615,0.369922169118797,0.0300006866455078,0.030000686645507812
2008-01-11,8.15999984741211,8.15999984741211,7.309999942779541,7.449999809265137,7.449999809265137,-0.3666335401369126,-8.476664680040525,-0.6900005340576172,-0.6900005340576172
2008-01-14,7.489999771118164,7.650000095367432,6.849999904632568,7.420000076293945,7.420000076293945,-0.500294346733596,-0.4026809897885175,-0.0299997329711914,-0.029999732971191406
2008-01-15,7.320000171661377,7.46999979019165,7.0,7.25,7.25,-1.0335320967102692,-2.291106125956466,-0.1700000762939453,-0.1700000762939453
2008-01-16,7.199999809265137,7.199999809265137,6.539999961853027,6.75,6.75,-0.9305106758528888,-6.896551724137934,-0.5,-0.5
2008-01-17,6.800000190734863,6.809999942779541,6.170000076293945,6.28000020980835,6.28000020980835,-0.7272787869582473,-6.962959854691119,-0.4699997901916504,-0.4699997901916504
2008-01-18,6.5,6.5,5.949999809265137,6.070000171661377,6.070000171661377,-0.9954436859976498,-3.3439495403039365,-0.2100000381469726,-0.21000003814697266
2008-01-22,6.099999904632568,6.690000057220459,5.679999828338623,6.5,6.5,-0.6360633679453689,7.084016740990151,0.429999828338623,0.42999982833862305
2008-01-23,6.409999847412109,6.639999866485596,6.360000133514404,6.5,6.5,-0.8596746647858768,0.0,0.0,0.0
2008-01-24,6.650000095367432,7.059999942779541,6.25,6.5,6.5,-0.7025424021411956,0.0,0.0,0.0
2008-01-25,6.659999847412109,6.849999904632568,6.449999809265137,6.610000133514404,6.610000133514404,-0.7794219617714645,1.6923097463754422,0.1100001335144043,0.1100001335144043
2008-01-28,6.670000076293945,7.75,6.519999980926514,7.650000095367432,7.650000095367432,-0.900292933036604,15.733735867567678,1.0399999618530271,1.0399999618530273
2008-01-29,7.570000171661377,8.239999771118164,7.099999904632568,8.149999618530273,8.149999618530273,-1.0078118784061758,6.535941397773626,0.4999995231628418,0.4999995231628418
2008-01-30,8.149999618530273,8.550000190734863,8.069999694824219,8.260000228881836,8.260000228881836,-1.0762585795760862,1.349700803684195,0.1100006103515625,0.1100006103515625
2008-01-31,8.380000114440918,9.25,8.300000190734863,8.899999618530273,8.899999618530273,-0.8806162632957674,7.748176415426977,0.6399993896484375,0.6399993896484375
2008-02-01,8.670000076293945,9.479999542236328,8.670000076293945,9.479999542236328,9.479999542236328,-0.9494846073886956,6.51685335467278,0.5799999237060547,0.5799999237060547
2008-02-04,9.56999969482422,9.979999542236328,9.359999656677246,9.399999618530272,9.399999618530272,-0.936132581493128,-0.8438810925003981,-0.0799999237060564,-0.07999992370605646
2008-02-05,9.350000381469728,9.449999809265137,9.039999961853027,9.149999618530272,9.149999618530272,-1.0433704315806878,-2.6595745760156557,-0.25,-0.25
2008-02-06,9.09000015258789,9.449999809265137,9.09000015258789,9.350000381469728,9.350000381469728,-1.0215855472247617,2.1858007789904432,0.2000007629394566,0.20000076293945668
2008-02-07,9.300000190734863,9.399999618530272,8.859999656677246,9.239999771118164,9.239999771118164,-1.101557154957162,-1.176477068060544,-0.1100006103515642,-0.11000061035156428
2008-02-08,9.350000381469728,9.5,9.260000228881836,9.3100004196167,9.3100004196167,-1.0869402002925403,0.7575827947240654,0.0700006484985351,0.07000064849853516
2008-02-11,9.449999809265137,9.449999809265137,9.020000457763672,9.289999961853027,9.289999961853027,-1.04084057404258,-0.2148276784341485,-0.0200004577636718,-0.020000457763671875
2008-02-12,9.300000190734863,9.449999809265137,9.140000343322754,9.420000076293944,9.420000076293944,-1.0815993899343133,1.3993553818592908,0.1300001144409162,0.1300001144409162
2008-02-13,9.460000038146973,9.600000381469728,8.90999984741211,9.3100004196167,9.3100004196167,-1.0956541540349107,-1.1677245837191208,-0.1099996566772443,-0.10999965667724432
2008-02-14,9.260000228881836,9.489999771118164,9.050000190734863,9.390000343322754,9.390000343322754,-1.1077412511614249,0.8592902266415514,0.0799999237060546,0.07999992370605469
2008-02-15,9.489999771118164,9.65999984741211,9.3100004196167,9.579999923706056,9.579999923706056,-1.0842697951134268,2.023424637235638,0.1899995803833025,0.18999958038330256
2008-02-19,9.649999618530272,9.68000030517578,9.300000190734863,9.329999923706056,9.329999923706056,-1.0883456767026,-2.609603361074841,-0.25,-0.25
2008-02-20,9.279999732971191,9.640000343322754,9.109999656677246,9.59000015258789,9.59000015258789,-1.060236148501405,2.786712015090309,0.2600002288818341,0.26000022888183416
2008-02-21,9.539999961853027,9.640000343322754,9.489999771118164,9.550000190734863,9.550000190734863,-1.0267858099419824,-0.4171007426129525,-0.0399999618530273,-0.039999961853027344
2008-02-22,9.520000457763672,9.729999542236328,9.210000038146973,9.390000343322754,9.390000343322754,-1.0333915490692631,-1.675391038916807,-0.1599998474121093,-0.15999984741210938
2008-02-25,9.390000343322754,10.149999618530272,9.3100004196167,10.149999618530272,10.149999618530272,-1.0027521633299603,8.093708705218038,0.7599992752075178,0.7599992752075178
2008-02-26,9.800000190734863,10.470000267028809,9.729999542236328,9.989999771118164,9.989999771118164,-1.0128715934823909,-1.5763532357184085,-0.1599998474121076,-0.1599998474121076
2008-02-27,9.899999618530272,9.9399995803833,9.300000190734863,9.529999732971191,9.529999732971191,-1.085113080959463,-4.604605091952729,-0.4600000381469726,-0.46000003814697266
2008-02-28,9.579999923706056,9.579999923706056,8.75,9.0,9.0,-0.8487119487874107,-5.561382453532893,-0.5299997329711914,-0.5299997329711914
2008-02-29,8.850000381469727,9.149999618530272,8.779999732971191,9.149999618530272,9.149999618530272,-1.0191962373276595,1.6666624281141296,0.1499996185302716,0.14999961853027166
2008-03-03,9.100000381469728,9.109999656677246,8.460000038146973,8.8100004196167,8.8100004196167,-0.9288241041608172,-3.7158383944084217,-0.3399991989135724,-0.33999919891357244
2008-03-04,8.699999809265137,8.710000038146973,7.980000019073486,8.4399995803833,8.4399995803833,-0.9400679154412952,-4.199782311128386,-0.3700008392333984,-0.37000083923339844
2008-03-05,8.5,8.649999618530273,8.3100004196167,8.489999771118164,8.489999771118164,-1.094529772906863,0.5924193509567965,0.0500001907348632,0.05000019073486328
2008-03-06,8.399999618530273,8.5,8.050000190734863,8.279999732971191,8.279999732971191,-1.0758369366530682,-2.4734987492150973,-0.2100000381469726,-0.21000003814697266
2008-03-07,8.199999809265137,8.270000457763672,7.769999980926514,8.09000015258789,8.09000015258789,-1.0988867497780483,-2.2946809965067594,-0.1899995803833007,-0.18999958038330078
2008-03-10,8.130000114440918,8.130000114440918,7.760000228881836,7.760000228881836,7.760000228881836,-1.0914377248047316,-4.079108992358815,-0.3299999237060547,-0.3299999237060547
2008-03-11,7.900000095367432,7.909999847412109,7.400000095367432,7.630000114440918,7.630000114440918,-1.0087957118932176,-1.6752591573009568,-0.1300001144409179,-0.13000011444091797
2008-03-12,8.9399995803833,9.850000381469728,8.0,8.6899995803833,8.6899995803833,-0.552437521546813,13.89252228104394,1.0599994659423828,1.0599994659423828
2008-03-13,8.699999809265137,9.100000381469728,8.550000190734863,9.050000190734863,9.050000190734863,-0.0661426836661356,4.142699973935837,0.3600006103515625,0.3600006103515625
2008-03-14,9.300000190734863,9.399999618530272,9.0600004196167,9.31999969482422,9.31999969482422,-0.9341649145190444,2.9834198718114324,0.2699995040893572,0.26999950408935725
2008-03-17,8.800000190734863,9.520000457763672,8.800000190734863,9.359999656677246,9.359999656677246,-1.0035954491759964,0.4291841541071983,0.0399999618530255,0.03999996185302557
2008-03-18,9.550000190734863,10.06999969482422,9.350000381469728,9.75,9.75,-1.0027521633299603,4.166670487477364,0.3900003433227539,0.3900003433227539
2008-03-19,9.68000030517578,9.960000038146973,9.470000267028809,9.649999618530272,9.649999618530272,-1.0789289847551995,-1.0256449381510602,-0.1000003814697283,-0.10000038146972834
2008-03-20,9.75,10.079999923706056,9.449999809265137,10.079999923706056,10.079999923706056,-1.06599860178265,4.455961887812743,0.4300003051757848,0.4300003051757848
2008-03-24,10.0,10.739999771118164,9.949999809265137,10.479999542236328,10.479999542236328,-0.9780157785129088,3.9682502138671305,0.3999996185302716,0.39999961853027166
2008-03-25,10.68000030517578,11.0,10.460000038146973,10.979999542236328,10.979999542236328,-0.8838488590389048,4.770992574807931,0.5,0.5
2008-03-26,10.850000381469728,11.289999961853027,10.539999961853027,11.029999732971191,11.029999732971191,-0.9581985611310662,0.4553751622896618,0.0500001907348632,0.05000019073486328
2008-03-27,11.029999732971191,11.239999771118164,10.649999618530272,10.850000381469728,10.850000381469728,-0.3510327519852492,-1.6319071247427486,-0.179999351501463,-0.17999935150146307
2008-03-28,10.850000381469728,11.0,10.619999885559082,10.6899995803833,10.6899995803833,-0.9504684408757376,-1.4746617093183367,-0.1600008010864275,-0.16000080108642756
2008-03-31,10.5,10.9399995803833,10.399999618530272,10.600000381469728,10.600000381469728,-0.9274186277507572,-0.8419008647925996,-0.0899991989135724,-0.08999919891357244
2008-04-01,10.850000381469728,10.989999771118164,10.5600004196167,10.670000076293944,10.670000076293944,-0.8905951458071917,0.660374455708368,0.0699996948242152,0.0699996948242152
2008-04-02,10.619999885559082,10.899999618530272,10.020000457763672,10.68000030517578,10.68000030517578,-0.8543338544276498,0.0937228567041259,0.0100002288818359,0.010000228881835938
2008-04-03,10.75,11.1899995803833,10.329999923706056,10.84000015258789,10.84000015258789,-1.024255952403875,1.4981258692902122,0.1599998474121111,0.15999984741211115
2008-04-04,11.029999732971191,11.40999984741211,10.760000228881836,11.34000015258789,11.34000015258789,-0.929807937647859,4.61254606053334,0.5,0.5
2008-04-07,11.300000190734863,11.449999809265137,10.920000076293944,11.100000381469728,11.100000381469728,-0.8783675010396716,-2.116400069566071,-0.2399997711181623,-0.2399997711181623
2008-04-08,11.140000343322754,11.649999618530272,11.0,11.300000190734863,11.300000190734863,-0.9521550125678092,1.8018000215478611,0.1999998092651349,0.19999980926513494
2008-04-09,11.359999656677246,11.529999732971191,11.09000015258789,11.18000030517578,11.18000030517578,-1.0139959746104388,-1.061945871978609,-0.1199998855590838,-0.11999988555908381
2008-04-10,11.100000381469728,12.0600004196167,11.100000381469728,11.920000076293944,11.920000076293944,-0.9548254177469228,6.618960204997326,0.7399997711181641,0.7399997711181641
2008-04-11,11.630000114440918,12.800000190734863,11.630000114440918,12.31999969482422,12.31999969482422,-0.8939682891913351,3.3557014762590542,0.399999618530277,0.399999618530277
2008-04-14,12.399999618530272,12.449999809265137,11.970000267028809,12.039999961853027,12.039999961853027,-0.9157531735472614,-2.2727251615827893,-0.2799997329711932,-0.2799997329711932
2008-04-15,12.149999618530272,12.800000190734863,11.899999618530272,11.90999984741211,11.90999984741211,-0.912239482522112,-1.0797351731960505,-0.1300001144409179,-0.13000011444091797
2008-04-16,11.960000038146973,12.020000457763672,11.75,11.770000457763672,11.770000457763672,-0.9840593270761656,-1.1754776779351328,-0.1399993896484375,-0.1399993896484375
2008-04-17,11.829999923706056,12.670000076293944,11.829999923706056,12.020000457763672,12.020000457763672,-0.7617129590047115,2.1240440975097474,0.25,0.25
2008-04-18,12.25,12.34000015258789,12.050000190734863,12.260000228881836,12.260000228881836,-0.94653310692757,1.996670232763176,0.239999771118164,0.23999977111816406
2008-04-21,12.380000114440918,13.100000381469728,12.25,13.050000190734863,13.050000190734863,-0.8360626610968729,6.443718981276714,0.7899999618530273,0.7899999618530273
2008-04-22,13.050000190734863,13.109999656677246,12.539999961853027,13.020000457763672,13.020000457763672,-0.8882058359100901,-0.2298830079136005,-0.0299997329711914,-0.029999732971191406
2008-04-23,13.0600004196167,13.170000076293944,12.880000114440918,12.9399995803833,12.9399995803833,-0.995303138356644,-0.6144460412262687,-0.0800008773803711,-0.0800008773803711
2008-04-24,12.800000190734863,13.300000190734863,12.710000038146973,13.229999542236328,13.229999542236328,-0.9895406850753988,2.2411126063146103,0.2899999618530273,0.28999996185302734
2008-04-25,13.149999618530272,13.3100004196167,12.5600004196167,13.210000038146973,13.210000038146973,-1.0283318339930485,-0.1511678365937019,-0.0199995040893554,-0.01999950408935547
2008-04-28,13.25,14.56999969482422,13.020000457763672,13.399999618530272,13.399999618530272,-0.8317056842256876,1.4383011342515628,0.189999580383299,0.189999580383299
2008-04-29,14.0,14.1899995803833,13.039999961853027,13.1899995803833,13.1899995803833,-0.4263662875644525,-1.567164508397234,-0.2100000381469708,-0.21000003814697088
2008-04-30,13.300000190734863,13.3100004196167,12.5,12.539999961853027,12.539999961853027,-0.6870821616305381,-4.9279730038580105,-0.6499996185302734,-0.6499996185302734
2008-05-01,12.5,12.699999809265137,11.770000457763672,12.0600004196167,12.0600004196167,-0.5749251441077693,-3.827747557388339,-0.4799995422363281,-0.4799995422363281
2008-05-02,12.25,12.5,11.890000343322754,12.25,12.25,-0.5071811811428888,1.5754525188427682,0.1899995803833007,0.18999958038330078
2008-05-05,12.34000015258789,12.869999885559082,12.289999961853027,12.59000015258789,12.59000015258789,-0.6332524151252493,2.7755114496970767,0.3400001525878906,0.3400001525878906
2008-05-06,12.800000190734863,13.550000190734863,12.800000190734863,13.350000381469728,13.350000381469728,-0.6595348239933668,6.036538678878567,0.7600002288818377,0.7600002288818377
2008-05-07,13.449999809265137,13.800000190734863,13.210000038146973,13.479999542236328,13.479999542236328,-0.7101319747555183,0.9737764573178876,0.1299991607665998,0.1299991607665998
2008-05-08,13.520000457763672,13.8100004196167,13.06999969482422,13.65999984741211,13.65999984741211,-0.8678264279642235,1.3353138819611532,0.1800003051757812,0.18000030517578125
2008-05-09,13.729999542236328,14.68000030517578,13.670000076293944,14.4399995803833,14.4399995803833,-0.6797736842982274,5.710100597980339,0.7799997329711914,0.7799997329711914
2008-05-12,14.420000076293944,15.869999885559082,14.380000114440918,14.9399995803833,14.9399995803833,-0.7101319747555183,3.4626039787373,0.5,0.5
2008-05-13,15.079999923706056,16.43000030517578,15.0,15.8100004196167,15.8100004196167,-0.3258747242451795,5.823298953607314,0.8700008392333984,0.8700008392333984
2008-05-14,15.75,16.489999771118164,15.25,15.84000015258789,15.84000015258789,-0.8319867795076996,0.1897516266601062,0.0299997329711914,0.029999732971191406
2008-05-15,15.899999618530272,16.899999618530273,15.850000381469728,16.549999237060547,16.549999237060547,-0.7326195973164744,4.482317409300385,0.7099990844726562,0.7099990844726562
2008-05-16,16.8799991607666,18.13999938964844,16.360000610351562,16.479999542236328,16.479999542236328,-0.941754487133367,-0.4229589006111145,-0.0699996948242187,-0.06999969482421875
2008-05-19,17.350000381469727,17.350000381469727,15.25,16.270000457763672,16.270000457763672,-0.505916252373835,-1.274266324671025,-0.2099990844726562,-0.20999908447265625
2008-05-20,16.270000457763672,16.3700008392334,15.850000381469728,16.239999771118164,16.239999771118164,-0.8220078969962753,-0.1843926601193923,-0.0300006866455078,-0.030000686645507812
2008-05-21,16.420000076293945,16.75,15.109999656677246,15.600000381469728,15.600000381469728,-0.864874927503098,-3.9408829967266015,-0.6399993896484357,-0.6399993896484357
2008-05-22,15.649999618530272,16.09000015258789,15.25,15.739999771118164,15.739999771118164,-0.6274899618440043,0.8974319629807992,0.1399993896484357,0.13999938964843572
2008-05-23,15.75,15.960000038146973,15.0,15.06999969482422,15.06999969482422,-0.7992391791533071,-4.256671448771865,-0.6700000762939435,-0.6700000762939435
2008-05-27,15.3100004196167,15.3100004196167,14.68000030517578,15.15999984741211,15.15999984741211,-0.8227106352013052,0.5972140305934959,0.0900001525878888,0.09000015258788885
2008-05-28,15.109999656677246,16.469999313354492,15.039999961853027,16.420000076293945,16.420000076293945,-0.8963575990884366,8.311347239867706,1.260000228881836,1.260000228881836
2008-05-29,16.309999465942383,16.40999984741211,15.90999984741211,16.1299991607666,16.1299991607666,-0.9097096249840044,-1.7661444225327785,-0.2900009155273437,-0.29000091552734375
2008-05-30,16.1299991607666,16.239999771118164,15.329999923706056,15.880000114440918,15.880000114440918,-0.7781570330024107,-1.5499011737939994,-0.2499990463256836,-0.2499990463256836
2008-06-02,16.09000015258789,16.09000015258789,15.079999923706056,15.390000343322754,15.390000343322754,-0.6092187685132274,-3.0856408538219693,-0.489999771118164,-0.48999977111816406
2008-06-03,15.390000343322754,15.390000343322754,14.149999618530272,14.510000228881836,14.510000228881836,-0.5007159896566138,-5.717999316502443,-0.880000114440918,-0.880000114440918
2008-06-04,14.390000343322754,14.59000015258789,14.130000114440918,14.210000038146973,14.210000038146973,-0.8844110496029287,-2.06754090973561,-0.3000001907348633,-0.3000001907348633
2008-06-05,14.210000038146973,15.130000114440918,14.210000038146973,14.699999809265137,14.699999809265137,-0.2868024800455181,3.4482742421024115,0.489999771118164,0.48999977111816406
2008-06-06,14.65999984741211,15.43000030517578,14.25,15.09000015258789,15.09000015258789,-0.8222889922782872,2.6530635944426617,0.3900003433227539,0.3900003433227539
2008-06-09,14.399999618530272,14.489999771118164,13.40999984741211,13.739999771118164,13.739999771118164,-0.5189871829873908,-8.946324505094228,-1.3500003814697266,-1.3500003814697266
2008-06-10,13.800000190734863,13.800000190734863,12.770000457763672,12.989999771118164,12.989999771118164,-0.4686711275072512,-5.458515374771111,-0.75,-0.75
2008-06-11,12.9399995803833,13.079999923706056,12.609999656677246,12.93000030517578,12.93000030517578,-0.6633296103005282,-0.4618896612745615,-0.0599994659423845,-0.05999946594238459
2008-06-12,13.079999923706056,13.6899995803833,12.859999656677246,13.350000381469728,13.350000381469728,-0.6474477268668529,3.2482603741766924,0.4200000762939488,0.42000007629394887
2008-06-13,13.300000190734863,15.170000076293944,13.1899995803833,14.420000076293944,14.420000076293944,-0.5185655400643728,8.014978758423208,1.0699996948242152,1.0699996948242152
2008-06-16,14.270000457763672,15.25,14.170000076293944,15.109999656677246,15.109999656677246,-0.7150511421907274,4.785017869158281,0.6899995803833026,0.6899995803833026
2008-06-17,15.0600004196167,15.800000190734863,14.670000076293944,15.489999771118164,15.489999771118164,-0.5774550016458768,2.514891615321724,0.3800001144409179,0.38000011444091797
2008-06-18,15.34000015258789,15.729999542236328,14.399999618530272,14.770000457763672,14.770000457763672,-0.7337439784445222,-4.648155739143167,-0.7199993133544922,-0.7199993133544922
2008-06-19,14.779999732971191,14.920000076293944,14.5,14.859999656677246,14.859999656677246,-0.870777928425349,0.6093378207464362,0.0899991989135742,0.08999919891357422
2008-06-20,14.850000381469728,14.960000038146973,14.510000228881836,14.960000038146973,14.960000038146973,-0.9843404223581778,0.6729500927329601,0.1000003814697265,0.10000038146972656
2008-06-23,14.920000076293944,15.119999885559082,14.0,14.06999969482422,14.06999969482422,-0.6690920635817732,-5.949200140730692,-0.8900003433227521,-0.8900003433227521
2008-06-24,14.020000457763672,14.15999984741211,13.5600004196167,13.720000267028809,13.720000267028809,-0.8948115750373709,-2.487558176167992,-0.3499994277954119,-0.34999942779541193
2008-06-25,13.84000015258789,15.279999732971191,13.760000228881836,14.470000267028809,14.470000267028809,-0.7139267610626796,5.466472196814465,0.75,0.75
2008-06-26,14.260000228881836,14.300000190734863,13.739999771118164,14.050000190734863,14.050000190734863,-0.9857458987682376,-2.9025574882051157,-0.4200000762939453,-0.4200000762939453
2008-06-27,14.050000190734863,14.149999618530272,13.59000015258789,13.979999542236328,13.979999542236328,-0.1423195050913747,-0.4982252494537098,-0.0700006484985351,-0.07000064849853516
2008-06-30,13.729999542236328,13.81999969482422,12.989999771118164,13.0,13.0,-0.5733791200567036,-7.010011261270477,-0.979999542236328,-0.9799995422363281
2008-07-01,12.90999984741211,13.630000114440918,12.6899995803833,13.609999656677246,13.609999656677246,-0.7396469793667733,4.692305051363421,0.6099996566772461,0.6099996566772461
2008-07-02,13.699999809265137,13.949999809265137,13.3100004196167,13.539999961853027,13.539999961853027,-0.6786493031701796,-0.5143254709038536,-0.0699996948242187,-0.06999969482421875
2008-07-03,13.449999809265137,13.460000038146973,12.75,12.989999771118164,12.989999771118164,-0.8868003595000302,-4.062039824847918,-0.5500001907348633,-0.5500001907348633
2008-07-07,12.920000076293944,13.220000267028809,12.550000190734863,12.720000267028809,12.720000267028809,-0.7151916898317334,-2.078518158943077,-0.2699995040893554,-0.26999950408935547
2008-07-08,12.800000190734863,14.229999542236328,12.3100004196167,14.039999961853027,14.039999961853027,-0.4647357935590839,10.3773558735353,1.3199996948242188,1.3199996948242188
2008-07-09,14.100000381469728,14.100000381469728,12.90999984741211,13.170000076293944,13.170000076293944,-0.552437521546813,-6.196580398311191,-0.8699998855590838,-0.8699998855590838
2008-07-10,13.199999809265137,13.229999542236328,12.670000076293944,13.149999618530272,13.149999618530272,-0.829035279046574,-0.1518637634609687,-0.0200004577636718,-0.020000457763671875
2008-07-11,12.90999984741211,13.40999984741211,12.859999656677246,13.119999885559082,13.119999885559082,-0.6831468276823709,-0.2281348581099296,-0.0299997329711896,-0.02999973297118963
2008-07-14,13.109999656677246,13.199999809265137,12.729999542236328,13.039999961853027,13.039999961853027,-0.5785793827739246,-0.6097555213709138,-0.0799999237060546,-0.07999992370605469
2008-07-15,12.920000076293944,13.9399995803833,12.640000343322754,13.210000038146973,13.210000038146973,-0.5961478378996716,1.3036815704851268,0.1700000762939453,0.1700000762939453
2008-07-16,13.1899995803833,13.600000381469728,12.850000381469728,13.56999969482422,13.56999969482422,-0.753139552903347,2.7252055687938315,0.3599996566772478,0.35999965667724787
2008-07-17,13.479999542236328,14.710000038146973,13.420000076293944,14.399999618530272,14.399999618530272,-0.6020508388219227,6.116432884096712,0.8299999237060511,0.8299999237060511
2008-07-18,14.399999618530272,14.550000190734863,13.84000015258789,14.100000381469728,14.100000381469728,-0.7598858396716338,-2.083328090332004,-0.2999992370605433,-0.2999992370605433
2008-07-21,14.300000190734863,14.43000030517578,13.699999809265137,13.899999618530272,13.899999618530272,-0.7128023799346318,-1.4184450888547362,-0.2000007629394566,-0.20000076293945668
2008-07-22,13.829999923706056,14.529999732971191,13.720000267028809,14.5,14.5,-0.6693731588637852,4.316549625439259,0.6000003814697283,0.6000003814697283
2008-07-23,14.65999984741211,15.0,14.489999771118164,14.6899995803833,14.6899995803833,-0.8482903058643928,1.3103419336779387,0.1899995803833007,0.18999958038330078
2008-07-24,14.789999961853027,14.789999961853027,13.779999732971191,14.199999809265137,14.199999809265137,-0.9541226795418928,-3.33560098784822,-0.489999771118164,-0.48999977111816406
2008-07-25,14.09000015258789,14.710000038146973,14.09000015258789,14.479999542236328,14.479999542236328,-1.0196178802506777,1.9718291319166024,0.2799997329711914,0.2799997329711914
2008-07-28,14.220000267028809,14.40999984741211,13.949999809265137,14.399999618530272,14.399999618530272,-0.9105529108300402,-0.5524856784194454,-0.0799999237060564,-0.07999992370605646
2008-07-29,14.40999984741211,14.869999885559082,14.170000076293944,14.869999885559082,14.869999885559082,-0.8546149497096618,3.263890829719207,0.4700002670288103,0.47000026702881037
2008-07-30,14.710000038146973,15.199999809265137,14.619999885559082,15.020000457763672,15.020000457763672,-0.6064078156931079,1.0087462902421462,0.1500005722045898,0.15000057220458984
2008-07-31,14.829999923706056,15.239999771118164,14.8100004196167,14.979999542236328,14.979999542236328,-0.8870814547820423,-0.266317671825822,-0.0400009155273437,-0.04000091552734375
2008-08-01,14.760000228881836,15.15999984741211,14.720000267028809,15.0600004196167,15.0600004196167,-0.8100613475107673,0.5340512671900166,0.0800008773803711,0.0800008773803711
2008-08-04,15.18000030517578,15.18000030517578,14.220000267028809,14.229999542236328,14.229999542236328,-0.8924222651402693,-5.511293852948618,-0.8300008773803711,-0.8300008773803711
2008-08-05,14.489999771118164,15.0,13.739999771118164,14.25,14.25,-0.7837789386426498,0.1405513591501428,0.0200004577636718,0.020000457763671875
2008-08-06,14.25,15.25,14.199999809265137,14.34000015258789,14.34000015258789,-0.3158958417337552,0.6315800181606379,0.0900001525878906,0.09000015258789062
2008-08-07,13.90999984741211,13.9399995803833,12.899999618530272,13.390000343322754,13.390000343322754,0.7006852456624701,-6.624824261899976,-0.9499998092651368,-0.9499998092651367
2008-08-08,13.260000228881836,13.90999984741211,12.960000038146973,13.760000228881836,13.760000228881836,-0.8461820912493032,2.7632552357893747,0.369999885559082,0.36999988555908203
2008-08-11,13.420000076293944,13.699999809265137,13.170000076293944,13.539999961853027,13.539999961853027,-0.7583398156205681,-1.5988391233238142,-0.2200002670288086,-0.2200002670288086
2008-08-12,13.510000228881836,13.760000228881836,13.109999656677246,13.220000267028809,13.220000267028809,-0.9278402706737752,-2.3633655518890078,-0.3199996948242187,-0.31999969482421875
2008-08-13,13.300000190734863,13.300000190734863,12.100000381469728,12.489999771118164,12.489999771118164,-0.6083754826671915,-5.521940099587541,-0.7300004959106445,-0.7300004959106445
2008-08-14,12.449999809265137,12.890000343322754,12.380000114440918,12.739999771118164,12.739999771118164,-0.6928446149117832,2.001601317704571,0.25,0.25
2008-08-15,12.899999618530272,13.109999656677246,12.270000457763672,12.4399995803833,12.4399995803833,-0.8364843040198908,-2.3547896085129416,-0.3000001907348633,-0.3000001907348633
2008-08-18,12.350000381469728,12.649999618530272,12.0600004196167,12.31999969482422,12.31999969482422,-0.9753453733337952,-0.9646293376754488,-0.1199998855590802,-0.11999988555908025
2008-08-19,12.18000030517578,12.300000190734863,11.520000457763672,11.619999885559082,11.619999885559082,-0.8782269533986657,-5.681816774388537,-0.6999998092651385,-0.6999998092651385
2008-08-20,11.5,12.220000267028809,11.5,11.850000381469728,11.850000381469728,-0.9188452216493928,1.9793502424770404,0.2300004959106463,0.2300004959106463
2008-08-21,11.710000038146973,12.25,11.449999809265137,12.0,12.0,-0.8626261652470024,1.2658195249076298,0.1499996185302716,0.14999961853027166
2008-08-22,12.020000457763672,12.899999618530272,12.020000457763672,12.779999732971191,12.779999732971191,-0.970426205898586,6.499997774759936,0.7799997329711914,0.7799997329711914
2008-08-25,12.720000267028809,12.770000457763672,12.18000030517578,12.1899995803833,12.1899995803833,-0.9455492734405284,-4.616589709824059,-0.5900001525878906,-0.5900001525878906
2008-08-26,12.3100004196167,12.510000228881836,12.1899995803833,12.470000267028809,12.470000267028809,-0.835500470532849,2.2969704371122117,0.2800006866455078,0.2800006866455078
2008-08-27,12.40999984741211,13.199999809265137,12.40999984741211,12.960000038146973,12.960000038146973,-0.8304407554566339,3.92942871391706,0.489999771118164,0.48999977111816406
2008-08-28,13.010000228881836,13.010000228881836,11.779999732971191,12.829999923706056,12.829999923706056,0.0162182339633663,-1.003087299832317,-0.1300001144409162,-0.1300001144409162
2008-08-29,12.789999961853027,13.119999885559082,12.4399995803833,12.90999984741211,12.90999984741211,-0.7333223355215044,0.6235379905048744,0.0799999237060529,0.07999992370605291
2008-09-02,13.399999618530272,13.59000015258789,12.800000190734863,13.56999969482422,13.56999969482422,-0.4775256288906278,5.112314912570759,0.6599998474121112,0.6599998474121112
2008-09-03,13.59000015258789,15.029999732971191,13.369999885559082,14.640000343322754,14.640000343322754,-0.3667740877779186,7.885045486822273,1.0700006484985334,1.0700006484985334
2008-09-04,14.5,14.59000015258789,13.960000038146973,13.989999771118164,13.989999771118164,-0.6342362486122912,-4.439894514763809,-0.6500005722045898,-0.6500005722045898
2008-09-05,13.699999809265137,14.010000228881836,13.3100004196167,13.890000343322754,13.890000343322754,-0.8154021578689944,-0.714792204656467,-0.0999994277954101,-0.09999942779541016
2008-09-08,14.15999984741211,15.539999961853027,13.970000267028809,15.220000267028809,15.220000267028809,-0.0950954977133667,9.575233195335484,1.329999923706055,1.3299999237060547
2008-09-09,15.300000190734863,16.469999313354492,14.510000228881836,14.630000114440918,14.630000114440918,0.3344180932008963,-3.876479252539911,-0.5900001525878906,-0.5900001525878906
2008-09-10,14.699999809265137,14.93000030517578,13.720000267028809,14.34000015258789,14.34000015258789,-0.2713422395348608,-1.9822280217672408,-0.2899999618530273,-0.28999996185302734
2008-09-11,14.25,15.140000343322754,13.850000381469728,15.06999969482422,15.06999969482422,-0.1791429870349404,5.090652262682083,0.7299995422363299,0.7299995422363299
2008-09-12,15.06999969482422,15.130000114440918,14.15999984741211,14.359999656677246,14.359999656677246,-0.6429502023546617,-4.711347395652721,-0.7100000381469744,-0.7100000381469744
2008-09-15,13.75,14.140000343322754,13.390000343322754,13.43000030517578,13.43000030517578,-0.6201814845116935,-6.476318758608235,-0.9299993515014666,-0.9299993515014666
2008-09-16,13.010000228881836,13.670000076293944,12.359999656677246,13.619999885559082,13.619999885559082,-0.5329013994469823,1.4147399558142926,0.1899995803833025,0.18999958038330256
2008-09-17,13.170000076293944,13.9399995803833,12.600000381469728,13.279999732971191,13.279999732971191,-0.6928446149117832,-2.4963300693444435,-0.3400001525878906,-0.3400001525878906
2008-09-18,13.600000381469728,14.050000190734863,13.109999656677246,14.050000190734863,14.050000190734863,-0.5313553753959166,5.7981963346877,0.7700004577636719,0.7700004577636719
2008-09-19,14.760000228881836,15.25,14.300000190734863,14.600000381469728,14.600000381469728,-0.358481776958566,3.914592051732191,0.5500001907348651,0.5500001907348651
2008-09-22,14.880000114440918,14.899999618530272,13.5,13.5,13.5,-0.6886281856816039,-7.534248991293491,-1.1000003814697283,-1.1000003814697283
2008-09-23,13.5,14.0,13.479999542236328,13.960000038146973,13.960000038146973,-0.9133638636501598,3.407407689977582,0.4600000381469726,0.46000003814697266
2008-09-24,14.0,14.109999656677246,13.300000190734863,13.329999923706056,13.329999923706056,-0.7953038452051399,-4.512894790253464,-0.6300001144409162,-0.6300001144409162
2008-09-25,13.4399995803833,14.100000381469728,13.4399995803833,13.670000076293944,13.670000076293944,-0.4894721783761357,2.550638818708695,0.3400001525878871,0.3400001525878871
2008-09-26,12.81999969482422,13.460000038146973,12.81999969482422,13.15999984741211,13.15999984741211,-0.93571093857011,-3.730799020010689,-0.5100002288818342,-0.5100002288818342
2008-09-29,13.140000343322754,14.050000190734863,12.0,12.739999771118164,12.739999771118164,-0.6796331366572215,-3.1914899784481143,-0.4200000762939453,-0.4200000762939453
2008-09-30,12.84000015258789,12.84000015258789,12.109999656677246,12.5600004196167,12.5600004196167,-0.8602368553499008,-1.4128677765719244,-0.1799993515014648,-0.17999935150146484
2008-10-01,12.5,12.8100004196167,11.699999809265137,11.960000038146973,11.960000038146973,-0.646885536302829,-4.777072941276517,-0.6000003814697266,-0.6000003814697266
2008-10-02,11.84000015258789,12.0,10.899999618530272,11.640000343322754,11.640000343322754,-0.3858885669547313,-2.6755827241100705,-0.3199996948242187,-0.31999969482421875
2008-10-03,11.779999732971191,11.93000030517578,10.9399995803833,11.050000190734863,11.050000190734863,-0.8875030977050602,-5.068729683726703,-0.5900001525878906,-0.5900001525878906
2008-10-06,10.760000228881836,10.760000228881836,9.140000343322754,10.399999618530272,10.399999618530272,-0.8300191125336159,-5.882358017962752,-0.6500005722045916,-0.6500005722045916
2008-10-07,10.229999542236328,10.640000343322754,10.020000457763672,10.130000114440918,10.130000114440918,-0.7780164853614048,-2.596149173008433,-0.2699995040893537,-0.2699995040893537
2008-10-08,9.220000267028809,11.0,9.220000267028809,10.279999732971191,10.279999732971191,-0.8814595491418031,1.4807464643207702,0.1499996185302734,0.14999961853027344
2008-10-09,10.270000457763672,10.670000076293944,9.600000381469728,9.699999809265137,9.699999809265137,-0.7264355011122116,-5.642022750699227,-0.5799999237060547,-0.5799999237060547
2008-10-10,9.420000076293944,10.079999923706056,8.75,9.6899995803833,9.6899995803833,-0.7635400783377893,-0.1030951451389095,-0.0100002288818359,-0.010000228881835938
2008-10-13,10.010000228881836,11.100000381469728,10.010000228881836,11.0,11.0,-1.0513816471180284,13.519096763107186,1.3100004196166992,1.3100004196166992
2008-10-14,11.100000381469728,11.5,10.109999656677246,10.3100004196167,10.3100004196167,-0.9309323187759068,-6.272723458030005,-0.6899995803833008,-0.6899995803833008
2008-10-15,10.420000076293944,10.420000076293944,9.25,9.359999656677246,9.359999656677246,-0.9524361078498212,-9.21436202012077,-0.9500007629394532,-0.9500007629394531
2008-10-16,9.5,9.850000381469728,9.130000114440918,9.760000228881836,9.760000228881836,-0.7857466056167335,4.2735105435526055,0.4000005722045898,0.40000057220458984
2008-10-17,9.479999542236328,10.09000015258789,9.420000076293944,9.770000457763672,9.770000457763672,-0.8546149497096618,0.1024613590913992,0.0100002288818359,0.010000228881835938
2008-10-20,9.869999885559082,10.210000038146973,9.75,10.029999732971191,10.029999732971191,-0.4014893551063947,2.6612002356756648,0.2599992752075195,0.25999927520751953
2008-10-21,9.9399995803833,10.470000267028809,9.90999984741211,9.989999771118164,9.989999771118164,-0.5338852329340242,-0.3988032195209046,-0.0399999618530273,-0.039999961853027344
2008-10-22,10.220000267028809,10.289999961853027,9.520000457763672,9.65999984741211,9.65999984741211,-0.6661405631206477,-3.303302615282422,-0.3299999237060547,-0.3299999237060547
2008-10-23,9.600000381469728,9.699999809265137,8.800000190734863,9.329999923706056,9.329999923706056,-0.8853948830899705,-3.416148332491531,-0.3299999237060529,-0.3299999237060529
2008-10-24,8.979999542236328,9.420000076293944,8.680000305175781,9.25,9.25,-0.8848326925259467,-0.8574482782447768,-0.0799999237060564,-0.07999992370605646
2008-10-27,9.09000015258789,9.399999618530272,8.710000038146973,8.710000038146973,8.710000038146973,-0.8513823539665243,-5.83783742543813,-0.5399999618530273,-0.5399999618530273
2008-10-28,9.100000381469728,9.100000381469728,8.529999732971191,8.970000267028809,8.970000267028809,-0.7636806259787952,2.985077241597245,0.2600002288818359,0.26000022888183594
2008-10-29,9.010000228881836,9.079999923706056,8.729999542236328,8.770000457763672,8.770000457763672,-0.8139966814589347,-2.22965221082857,-0.1999998092651367,-0.19999980926513672
2008-10-30,9.130000114440918,9.130000114440918,8.770000457763672,8.930000305175781,8.930000305175781,-1.001206139278895,1.8243995331889584,0.1599998474121093,0.15999984741210938
2008-10-31,8.949999809265137,8.979999542236328,8.149999618530273,8.329999923706055,8.329999923706055,-0.6301603670231178,-6.718929014167774,-0.6000003814697266,-0.6000003814697266
2008-11-03,8.3100004196167,8.399999618530273,8.15999984741211,8.300000190734863,8.300000190734863,-0.7451283373660064,-0.3601408552936003,-0.0299997329711914,-0.029999732971191406
2008-11-04,8.229999542236328,8.399999618530273,7.869999885559082,8.100000381469727,8.100000381469727,-0.3139281747596715,-2.4096362008327765,-0.1999998092651367,-0.19999980926513672
2008-11-05,7.929999828338623,8.869999885559082,7.920000076293945,8.300000190734863,8.300000190734863,-0.6340957009712852,2.469133331433837,0.1999998092651367,0.19999980926513672
2008-11-06,8.75,10.0600004196167,8.75,9.859999656677246,9.859999656677246,-0.4773850812496218,18.795173856547382,1.5599994659423828,1.5599994659423828
2008-11-07,9.989999771118164,10.489999771118164,9.970000267028809,10.399999618530272,10.399999618530272,-0.8875030977050602,5.476673231802143,0.5399999618530256,0.5399999618530256
2008-11-10,10.5,10.850000381469728,9.699999809265137,9.789999961853027,9.789999961853027,-0.8868003595000302,-5.865381529345182,-0.6099996566772443,-0.6099996566772443
2008-11-11,9.789999961853027,11.06999969482422,9.65999984741211,10.869999885559082,10.869999885559082,-0.8544744020686558,11.031664227929516,1.079999923706055,1.0799999237060547
2008-11-12,10.699999809265137,10.880000114440918,9.649999618530272,9.8100004196167,9.8100004196167,-0.8800540727317434,-9.75160512513532,-1.0599994659423828,-1.0599994659423828
2008-11-13,9.579999923706056,10.710000038146973,9.5600004196167,10.399999618530272,10.399999618530272,-0.6772438267601198,6.014262728610831,0.5899991989135724,0.5899991989135724
2008-11-14,10.239999771118164,10.300000190734863,9.600000381469728,9.649999618530272,9.649999618530272,-0.9404895583643132,-7.211538726056121,-0.75,-0.75
2008-11-17,9.59000015258789,9.789999961853027,8.949999809265137,8.989999771118164,8.989999771118164,-0.8991685519085562,-6.839376927484564,-0.6599998474121076,-0.6599998474121076
2008-11-18,9.0,9.199999809265137,8.6899995803833,9.1899995803833,9.1899995803833,-0.7285437157273011,2.224692039566767,0.1999998092651367,0.19999980926513672
2008-11-19,9.140000343322754,9.149999618530272,8.789999961853027,8.8100004196167,8.8100004196167,-0.7745027943362554,-4.134920327719449,-0.3799991607666015,-0.37999916076660156
2008-11-20,8.720000267028809,8.800000190734863,8.0,8.029999732971191,8.029999732971191,-0.9373975102621817,-8.853582854646946,-0.7800006866455078,-0.7800006866455078
2008-11-21,8.1899995803833,8.449999809265137,7.590000152587891,8.25,8.25,-0.9026822429337056,2.7397294438938458,0.2200002670288086,0.2200002670288086
2008-11-24,8.050000190734863,8.350000381469727,7.170000076293945,8.149999618530273,8.149999618530273,-0.6887687333226099,-1.2121258359966802,-0.1000003814697265,-0.10000038146972656
2008-11-25,8.109999656677246,8.460000038146973,7.940000057220459,8.029999732971191,8.029999732971191,-0.0028962452134463,-1.4723913027706592,-0.119999885559082,-0.11999988555908203
2008-11-26,7.900000095367432,9.850000381469728,7.900000095367432,9.449999809265137,9.449999809265137,-0.45264869643257,17.68368771499982,1.420000076293945,1.4200000762939453
2008-11-28,9.270000457763672,9.479999542236328,9.119999885559082,9.479999542236328,9.479999542236328,-0.9560903465159764,0.3174574981660738,0.0299997329711914,0.029999732971191406
2008-12-01,8.989999771118164,9.619999885559082,8.90999984741211,8.970000267028809,8.970000267028809,-0.8526472827355781,-5.379739449725873,-0.5099992752075195,-0.5099992752075195
2008-12-02,9.020000457763672,10.170000076293944,9.020000457763672,9.779999732971191,9.779999732971191,-0.8690913567332773,9.030094111810817,0.8099994659423828,0.8099994659423828
2008-12-03,9.529999732971191,10.140000343322754,9.380000114440918,9.829999923706056,9.829999923706056,-0.9753453733337952,0.5112494079759555,0.050000190734865,0.05000019073486506
2008-12-04,9.890000343322754,10.170000076293944,9.550000190734863,9.920000076293944,9.920000076293944,-0.7735189608492135,0.9155661575423136,0.090000152587887,0.09000015258788707
2008-12-05,9.75,11.479999542236328,9.75,11.170000076293944,11.170000076293944,-0.5830769072861158,12.600806354701088,1.25,1.25
2008-12-08,11.4399995803833,11.65999984741211,10.619999885559082,11.100000381469728,11.100000381469728,-0.4591138879188449,-0.6266758670196881,-0.0699996948242152,-0.0699996948242152
2008-12-09,11.0,11.0,10.15999984741211,10.270000457763672,10.270000457763672,-0.7954443928461458,-7.4774765331688915,-0.8299999237060565,-0.8299999237060565
2008-12-10,10.329999923706056,11.0,10.329999923706056,10.779999732971191,10.779999732971191,-0.9792807072819626,4.965912877072776,0.5099992752075195,0.5099992752075195
2008-12-11,10.619999885559082,10.649999618530272,9.079999923706056,9.119999885559082,9.119999885559082,-0.8345166370458071,-15.398885793428295,-1.6599998474121094,-1.6599998474121094
2008-12-12,8.960000038146973,9.729999542236328,8.680000305175781,9.300000190734863,9.300000190734863,-0.7853249626937155,1.9736875815185015,0.1800003051757812,0.18000030517578125
2008-12-15,9.449999809265137,9.65999984741211,9.0,9.390000343322754,9.390000343322754,-1.0280507387110362,0.9677435563663072,0.0900001525878906,0.09000015258789062
2008-12-16,9.479999542236328,10.520000457763672,9.399999618530272,10.520000457763672,10.520000457763672,-0.870637380784343,12.034079585997716,1.130000114440918,1.130000114440918
2008-12-17,10.4399995803833,10.960000038146973,10.359999656677246,10.800000190734863,10.800000190734863,-0.7379604076747015,2.6615943040625423,0.2799997329711914,0.2799997329711914
2008-12-18,11.0,11.029999732971191,10.18000030517578,10.520000457763672,10.520000457763672,-0.57070871487759,-2.592590074316836,-0.2799997329711914,-0.2799997329711914
2008-12-19,10.850000381469728,10.93000030517578,10.289999961853027,10.529999732971191,10.529999732971191,-0.7368360265466537,0.0950501404221926,0.0099992752075195,0.009999275207519531
2008-12-22,10.550000190734863,10.640000343322754,9.289999961853027,9.90999984741211,9.90999984741211,-0.8284730884825502,-5.887938283775629,-0.619999885559082,-0.619999885559082
2008-12-23,10.050000190734863,10.18000030517578,8.9399995803833,9.010000228881836,9.010000228881836,-0.7570748868515143,-9.081731911078672,-0.8999996185302734,-0.8999996185302734
2008-12-24,9.3100004196167,9.539999961853027,8.930000305175781,9.520000457763672,9.520000457763672,-0.8931250033452992,5.660379755008371,0.5100002288818359,0.5100002288818359
2008-12-26,9.550000190734863,10.59000015258789,9.449999809265137,10.359999656677246,10.359999656677246,-0.8130128479718928,8.82352057271747,0.8399991989135742,0.8399991989135742
2008-12-29,10.279999732971191,10.329999923706056,9.449999809265137,10.109999656677246,10.109999656677246,-0.6228518896908071,-2.4131274930966784,-0.25,-0.25
2008-12-30,10.109999656677246,10.960000038146973,10.109999656677246,10.90999984741211,10.90999984741211,-0.8398574474040342,7.91295962316374,0.8000001907348633,0.8000001907348633
2008-12-31,10.899999618530272,11.109999656677246,10.550000190734863,10.5600004196167,10.5600004196167,-0.6741517786579884,-3.208060794596901,-0.3499994277954101,-0.34999942779541016
2009-01-02,10.579999923706056,10.760000228881836,10.3100004196167,10.600000381469728,10.600000381469728,-0.964944847899353,0.3787875024959586,0.0399999618530291,0.03999996185302912
2009-01-05,10.5600004196167,10.65999984741211,9.890000343322754,9.920000076293944,9.920000076293944,-0.7112563558835661,-6.4150969877748265,-0.6800003051757848,-0.6800003051757848
2009-01-06,10.079999923706056,10.84000015258789,9.979999542236328,10.779999732971191,10.779999732971191,-0.77014581746507,8.669351311119545,0.8599996566772479,0.8599996566772479
2009-01-07,10.609999656677246,10.779999732971191,10.0,10.350000381469728,10.350000381469728,-0.8206024205862155,-3.988862357633349,-0.429999351501463,-0.42999935150146307
2009-01-08,10.289999961853027,10.289999961853027,9.81999969482422,9.9399995803833,9.9399995803833,-0.7373982171106777,-3.961360250966539,-0.4100008010864275,-0.41000080108642756
2009-01-09,10.140000343322754,10.479999542236328,9.800000190734863,10.109999656677246,10.109999656677246,-0.8416845667371119,1.7102624091598797,0.1700000762939453,0.1700000762939453
2009-01-12,10.130000114440918,10.220000267028809,9.229999542236328,9.399999618530272,9.399999618530272,-0.9016984094466638,-7.02275036852299,-0.7100000381469744,-0.7100000381469744
2009-01-13,9.350000381469728,9.520000457763672,9.050000190734863,9.40999984741211,9.40999984741211,-0.8685291661692534,0.1063854179538914,0.0100002288818377,0.010000228881837714
2009-01-14,9.210000038146973,9.25,8.90999984741211,9.06999969482422,9.06999969482422,-0.7833572957196319,-3.6131791509156463,-0.3400001525878888,-0.34000015258788885
2009-01-15,9.130000114440918,10.050000190734863,9.039999961853027,10.029999732971191,10.029999732971191,-0.8272081597134964,10.58434476789225,0.9600000381469708,0.9600000381469709
2009-01-16,10.270000457763672,10.619999885559082,10.020000457763672,10.210000038146973,10.210000038146973,-0.7206730478309665,1.7946192419534546,0.1800003051757812,0.18000030517578125
2009-01-20,10.130000114440918,10.130000114440918,9.479999542236328,9.65999984741211,9.65999984741211,-0.6952339248088848,-5.386877460136463,-0.5500001907348633,-0.5500001907348633
2009-01-21,9.670000076293944,9.979999542236328,9.289999961853027,9.869999885559082,9.869999885559082,-0.8026123225374505,2.1739134727132736,0.2100000381469726,0.21000003814697266
2009-01-22,9.56999969482422,9.970000267028809,9.4399995803833,9.640000343322754,9.640000343322754,-0.9275591753917634,-2.3302892087450067,-0.2299995422363281,-0.22999954223632812
2009-01-23,9.479999542236328,9.529999732971191,9.039999961853027,9.449999809265137,9.449999809265137,-0.9310728664169128,-1.9709598266687056,-0.1900005340576172,-0.1900005340576172
2009-01-26,9.489999771118164,9.789999961853027,9.329999923706056,9.369999885559082,9.369999885559082,-0.9639610144123112,-0.8465600563041242,-0.0799999237060546,-0.07999992370605469
2009-01-27,9.59000015258789,9.720000267028809,9.329999923706056,9.65999984741211,9.65999984741211,-0.7019802115771716,3.0949836221446647,0.2899999618530273,0.28999996185302734
2009-01-28,9.65999984741211,10.510000228881836,9.65999984741211,9.970000267028809,9.970000267028809,-0.3015599823511457,3.209114125397705,0.3100004196166992,0.3100004196166992
2009-01-29,10.079999923706056,10.079999923706056,9.369999885559082,9.449999809265137,9.449999809265137,-0.9271375324687454,-5.215651392541421,-0.5200004577636719,-0.5200004577636719
2009-01-30,9.4399995803833,9.550000190734863,8.489999771118164,8.869999885559082,8.869999885559082,-0.7164566186007872,-6.137565454100868,-0.5799999237060547,-0.5799999237060547
2009-02-02,8.520000457763672,9.729999542236328,8.520000457763672,9.649999618530272,9.649999618530272,-0.647026083943835,8.793683686975907,0.7799997329711896,0.7799997329711896
2009-02-03,9.720000267028809,10.079999923706056,9.479999542236328,9.6899995803833,9.6899995803833,-0.7920712494620024,0.4145073931010268,0.0399999618530291,0.03999996185302912
2009-02-04,9.739999771118164,9.8100004196167,9.270000457763672,9.350000381469728,9.350000381469728,-0.9494846073886956,-3.508763814622617,-0.3399991989135724,-0.33999919891357244
2009-02-05,9.31999969482422,10.0,9.300000190734863,9.949999809265137,9.949999809265137,-0.8745727147325103,6.417105917819166,0.5999994277954084,0.5999994277954084
2009-02-06,9.960000038146973,10.600000381469728,9.890000343322754,10.220000267028809,10.220000267028809,-0.6964988535779386,2.7135724918532667,0.2700004577636719,0.2700004577636719
2009-02-09,10.109999656677246,10.1899995803833,9.630000114440918,10.039999961853027,10.039999961853027,-0.771129650952112,-1.761255386230154,-0.1800003051757812,-0.18000030517578125
2009-02-10,10.0,10.210000038146973,9.850000381469728,10.0,10.0,-0.7905252254109366,-0.3984059960658093,-0.0399999618530273,-0.039999961853027344
2009-02-11,10.0,10.149999618530272,9.8100004196167,10.0,10.0,-0.7382415029567135,0.0,0.0,0.0
2009-02-12,9.90999984741211,10.539999961853027,9.699999809265137,10.470000267028809,10.470000267028809,-0.8599557600678889,4.700002670288095,0.4700002670288086,0.4700002670288086
2009-02-13,10.3100004196167,10.550000190734863,10.0,10.380000114440918,10.380000114440918,-0.8339544464817833,-0.8596002893267451,-0.0900001525878906,-0.09000015258789062
2009-02-17,10.270000457763672,10.270000457763672,9.5600004196167,9.779999732971191,9.779999732971191,-0.8662804039131577,-5.780350432125636,-0.6000003814697266,-0.6000003814697266
2009-02-18,9.81999969482422,10.039999961853027,9.079999923706056,9.1899995803833,9.1899995803833,-0.7088670459864644,-6.032721561318965,-0.5900001525878906,-0.5900001525878906
2009-02-19,9.40999984741211,9.649999618530272,9.289999961853027,9.579999923706056,9.579999923706056,-0.9031038858567236,4.243747128729347,0.3900003433227557,0.3900003433227557
2009-02-20,9.279999732971191,9.5600004196167,9.0,9.119999885559082,9.119999885559082,-0.8148399673049705,-4.801670582571593,-0.4600000381469744,-0.46000003814697443
2009-02-23,9.149999618530272,9.25,8.300000190734863,8.460000038146973,8.460000038146973,-0.6799142319392334,-7.236840522960708,-0.6599998474121094,-0.6599998474121094
2009-02-24,8.569999694824219,9.260000228881836,8.40999984741211,8.930000305175781,8.930000305175781,-0.6574266093782772,5.555558686873896,0.4700002670288086,0.4700002670288086
2009-02-25,8.84000015258789,9.229999542236328,8.720000267028809,8.970000267028809,8.970000267028809,-0.8681075232462354,0.4479278889816251,0.0399999618530273,0.039999961853027344
2009-02-26,9.0,9.65999984741211,8.920000076293945,9.350000381469728,9.350000381469728,-0.8688102614512653,4.236344516484492,0.3800001144409197,0.38000011444091975
2009-02-27,9.260000228881836,9.800000190734863,9.229999542236328,9.579999923706056,9.579999923706056,-0.8917195269352395,2.459888051899473,0.2299995422363281,0.22999954223632812
2009-03-02,9.5,9.5,9.079999923706056,9.300000190734863,9.300000190734863,-0.8044394418705283,-2.9227529770467275,-0.2799997329711932,-0.2799997329711932
2009-03-03,9.369999885559082,9.390000343322754,8.34000015258789,8.350000381469727,8.350000381469727,-0.7560910533644725,-10.215051503026585,-0.9499998092651368,-0.9499998092651367
2009-03-04,8.609999656677246,8.619999885559082,8.050000190734863,8.199999809265137,8.199999809265137,-0.8256621356624306,-1.7964139563091508,-0.1500005722045898,-0.15000057220458984
2009-03-05,8.25,8.25,7.789999961853027,7.880000114440918,7.880000114440918,-0.787714272590817,-3.902435393506387,-0.3199996948242187,-0.31999969482421875
2009-03-06,7.929999828338623,8.0600004196167,7.389999866485596,7.710000038146973,7.710000038146973,-0.7565126962874904,-2.157361342957376,-0.1700000762939453,-0.1700000762939453
2009-03-09,7.579999923706055,7.670000076293945,7.019999980926514,7.03000020980835,7.03000020980835,-0.7106941653195422,-8.819712386176004,-0.679999828338623,-0.679999828338623
2009-03-10,7.380000114440918,7.550000190734863,7.289999961853027,7.429999828338623,7.429999828338623,-0.6581293475833071,5.689894830617348,0.3999996185302734,0.39999961853027344
2009-03-11,9.970000267028809,9.970000267028809,8.4399995803833,8.550000190734863,8.550000190734863,0.0448899527285854,15.074029451850969,1.1200003623962402,1.1200003623962402
2009-03-12,9.289999961853027,11.029999732971191,9.25,10.6899995803833,10.6899995803833,0.7895113547782471,25.02923206911072,2.139999389648437,2.1399993896484375
2009-03-13,10.609999656677246,10.770000457763672,9.710000038146973,10.170000076293944,10.170000076293944,-0.7754866278232971,-4.864354766145951,-0.5199995040893572,-0.5199995040893572
2009-03-16,10.359999656677246,10.40999984741211,9.949999809265137,10.039999961853027,10.039999961853027,-0.799941917358337,-1.2782705355523394,-0.1300001144409162,-0.1300001144409162
2009-03-17,9.989999771118164,10.75,9.93000030517578,10.739999771118164,10.739999771118164,-0.7792814141304585,6.972109680525751,0.6999998092651367,0.6999998092651367
2009-03-18,10.729999542236328,11.010000228881836,10.56999969482422,11.010000228881836,11.010000228881836,-0.8592530218628589,2.513970796254128,0.2700004577636719,0.2700004577636719
2009-03-19,11.0,11.079999923706056,10.90999984741211,10.970000267028809,10.970000267028809,-0.7946011070001099,-0.3633057313486509,-0.0399999618530273,-0.039999961853027344
2009-03-20,11.0,11.029999732971191,10.359999656677246,10.40999984741211,10.40999984741211,-0.6686704206587554,-5.104835059118673,-0.5600004196166992,-0.5600004196166992
2009-03-23,10.520000457763672,10.84000015258789,10.420000076293944,10.609999656677246,10.609999656677246,-0.6831468276823709,1.9212277828693392,0.1999998092651367,0.19999980926513672
2009-03-24,10.600000381469728,11.079999923706056,10.600000381469728,10.75,10.75,-0.6135757453844127,1.3195131748628075,0.1400003433227539,0.1400003433227539
2009-03-25,10.9399995803833,11.609999656677246,10.84000015258789,11.609999656677246,11.609999656677246,-0.6890498286046218,7.999996806299969,0.8599996566772461,0.8599996566772461
2009-03-26,11.699999809265137,12.229999542236328,11.699999809265137,12.039999961853027,12.039999961853027,-0.4128737140278787,3.7037064417868137,0.4300003051757812,0.43000030517578125
2009-03-27,11.899999618530272,12.949999809265137,11.81999969482422,12.779999732971191,12.779999732971191,-0.6013481006168927,6.146177520454699,0.7399997711181641,0.7399997711181641
2009-03-30,12.170000076293944,12.5600004196167,11.81999969482422,12.029999732971191,12.029999732971191,-0.6092187685132274,-5.868544723557944,-0.75,-0.75
2009-03-31,12.18000030517578,12.9399995803833,11.93000030517578,12.75,12.75,-0.7910874159749606,5.9850397590240245,0.7200002670288086,0.7200002670288086
2009-04-01,12.329999923706056,12.760000228881836,11.93000030517578,12.739999771118164,12.739999771118164,-0.7420362892638749,-0.0784331677006755,-0.0100002288818359,-0.010000228881835938
2009-04-02,12.869999885559082,13.600000381469728,12.649999618530272,13.43000030517578,13.43000030517578,-0.5184249924233668,5.416016848146743,0.6900005340576154,0.6900005340576154
2009-04-03,13.300000190734863,13.609999656677246,12.979999542236328,13.56999969482422,13.56999969482422,-0.8825839302698509,1.0424377249975691,0.139999389648441,0.13999938964844105
2009-04-06,13.130000114440918,13.34000015258789,12.670000076293944,12.960000038146973,12.960000038146973,-0.5081650146299306,-4.495207593187423,-0.6099996566772479,-0.6099996566772479
2009-04-07,12.81999969482422,12.81999969482422,11.899999618530272,11.920000076293944,11.920000076293944,-0.6274899618440043,-8.024691040060594,-1.0399999618530291,-1.0399999618530291
2009-04-08,11.920000076293944,12.949999809265137,11.90999984741211,12.949999809265137,12.949999809265137,-0.7761893660283271,8.640937301834573,1.0299997329711932,1.0299997329711932
2009-04-09,13.300000190734863,14.25,13.06999969482422,13.970000267028809,13.970000267028809,-0.6839901135284067,7.87645152731129,1.020000457763672,1.0200004577636719
2009-04-13,13.800000190734863,13.800000190734863,13.100000381469728,13.3100004196167,13.3100004196167,-0.5476589017526099,-4.724408266260404,-0.6599998474121094,-0.6599998474121094
2009-04-14,13.899999618530272,13.90999984741211,13.0,13.3100004196167,13.3100004196167,-0.4262257399234465,0.0,0.0,0.0
2009-04-15,13.399999618530272,13.729999542236328,13.220000267028809,13.5,13.5,-0.5920719563104984,1.4274949240668189,0.1899995803833007,0.18999958038330078
2009-04-16,13.729999542236328,14.140000343322754,13.329999923706056,14.010000228881836,14.010000228881836,-0.5385233050872215,3.7777794731987946,0.5100002288818359,0.5100002288818359
2009-04-17,14.140000343322754,14.600000381469728,13.899999618530272,14.600000381469728,14.600000381469728,-0.5958667426176597,4.211278679150898,0.5900001525878924,0.5900001525878924
2009-04-20,14.479999542236328,14.479999542236328,12.859999656677246,13.4399995803833,13.4399995803833,-0.4236958823853389,-7.945210758752419,-1.1600008010864276,-1.1600008010864276
2009-04-21,13.279999732971191,14.59000015258789,13.279999732971191,14.40999984741211,14.40999984741211,-0.4553191016116835,7.217264116917077,0.9700002670288086,0.9700002670288086
2009-04-22,14.390000343322754,15.359999656677246,14.1899995803833,14.670000076293944,14.670000076293944,-0.2308645189251396,1.804304175121341,0.2600002288818341,0.26000022888183416
2009-04-23,14.84000015258789,15.25,13.850000381469728,14.510000228881836,14.510000228881836,-0.635079534458327,-1.090660167552826,-0.1599998474121076,-0.1599998474121076
2009-04-24,14.539999961853027,15.460000038146973,14.359999656677246,15.350000381469728,15.350000381469728,-0.4395777658190142,5.789111918247181,0.8400001525878924,0.8400001525878924
2009-04-27,15.15999984741211,15.199999809265137,14.40999984741211,14.760000228881836,14.760000228881836,-0.6100620543592633,-3.843649107006741,-0.5900001525878924,-0.5900001525878924
2009-04-28,14.5,15.100000381469728,14.270000457763672,14.9399995803833,14.9399995803833,-0.7123807370116139,1.2195077825896572,0.1799993515014648,0.17999935150146484
2009-04-29,15.079999923706056,16.110000610351562,15.029999732971191,15.970000267028809,15.970000267028809,-0.4086572847976994,6.894248430889727,1.0300006866455078,1.0300006866455078
2009-04-30,16.139999389648438,16.190000534057617,14.920000076293944,14.960000038146973,14.960000038146973,-0.5920719563104984,-6.324359499023002,-1.010000228881836,-1.010000228881836
2009-05-01,15.0,15.289999961853027,14.43000030517578,15.0,15.0,-0.7364143836236358,0.2673794234694604,0.0399999618530273,0.039999961853027344
2009-05-04,15.239999771118164,16.260000228881836,15.239999771118164,16.059999465942383,16.059999465942383,-0.3867318528007672,7.066663106282545,1.0599994659423828,1.0599994659423828
2009-05-05,16.049999237060547,16.489999771118164,15.869999885559082,16.34000015258789,16.34000015258789,-0.8106235380747913,1.7434663509129589,0.2800006866455078,0.2800006866455078
2009-05-06,16.450000762939453,16.450000762939453,14.380000114440918,15.15999984741211,15.15999984741211,-0.269796215483795,-7.22154402788604,-1.1800003051757812,-1.1800003051757812
2009-05-07,15.170000076293944,15.649999618530272,15.029999732971191,15.300000190734863,15.300000190734863,-0.5261551126786955,0.9234851235612184,0.1400003433227539,0.1400003433227539
2009-05-08,15.350000381469728,15.5600004196167,14.3100004196167,14.770000457763672,14.770000457763672,-0.7430201227509167,-3.4640504991113708,-0.5299997329711914,-0.5299997329711914
2009-05-11,14.380000114440918,14.470000267028809,13.5,13.510000228881836,13.510000228881836,-0.5732385724156975,-8.530806972450245,-1.260000228881836,-1.260000228881836
2009-05-12,13.09000015258789,13.390000343322754,13.0,13.020000457763672,13.020000457763672,-0.3805477565965042,-3.6269412495688713,-0.489999771118164,-0.48999977111816406
2009-05-13,12.720000267028809,13.029999732971191,12.300000190734863,12.479999542236328,12.479999542236328,-0.4353613365888349,-4.147472323669144,-0.5400009155273438,-0.5400009155273438
2009-05-14,12.56999969482422,13.510000228881836,12.25,13.18000030517578,13.18000030517578,-0.4998727038105779,5.608980678007436,0.7000007629394513,0.7000007629394513
2009-05-15,13.15999984741211,13.359999656677246,13.0,13.010000228881836,13.010000228881836,-0.6700758970688151,-1.289833629420967,-0.1700000762939435,-0.17000007629394354
2009-05-18,13.43000030517578,13.859999656677246,13.199999809265137,13.789999961853027,13.789999961853027,-0.4155441192069923,5.995386004987258,0.7799997329711914,0.7799997329711914
2009-05-19,13.789999961853027,14.470000267028809,13.779999732971191,14.359999656677246,14.359999656677246,-0.6104836972822812,4.1334278201667685,0.5699996948242188,0.5699996948242188
2009-05-20,14.399999618530272,14.989999771118164,14.279999732971191,14.369999885559082,14.369999885559082,-0.7545450293134067,0.069639478557959,0.0100002288818359,0.010000228881835938
2009-05-21,13.9399995803833,14.289999961853027,13.920000076293944,14.06999969482422,14.06999969482422,-0.7344467166495522,-2.087684016172764,-0.3000001907348615,-0.3000001907348615
2009-05-22,14.079999923706056,14.329999923706056,14.0,14.100000381469728,14.100000381469728,-0.7663510311579087,0.2132245010392219,0.0300006866455078,0.030000686645507812
2009-05-26,14.050000190734863,15.100000381469728,14.0,15.0,15.0,-0.6602375621983968,6.3829758452564,0.8999996185302717,0.8999996185302717
2009-05-27,14.93000030517578,15.390000343322754,14.81999969482422,14.920000076293944,14.920000076293944,-0.6558805853272115,-0.5333328247070446,-0.0799999237060564,-0.07999992370605646
2009-05-28,15.0,15.470000267028809,14.399999618530272,15.0,15.0,-0.676400540914084,0.5361925153952729,0.0799999237060564,0.07999992370605646
2009-05-29,15.239999771118164,15.239999771118164,14.710000038146973,15.149999618530272,15.149999618530272,-0.6745734215810063,0.9999974568684732,0.1499996185302716,0.14999961853027166
2009-06-01,15.5,16.010000228881836,15.300000190734863,15.869999885559082,15.869999885559082,-0.5718330960056378,4.752477129756261,0.7200002670288104,0.7200002670288104
2009-06-02,15.880000114440918,16.049999237060547,15.6899995803833,15.949999809265137,15.949999809265137,-0.6373282967144226,0.5040953010897686,0.0799999237060546,0.07999992370605469
2009-06-03,15.949999809265137,16.1200008392334,15.25,15.4399995803833,15.4399995803833,-0.5459723300605381,-3.1974936362418216,-0.5100002288818359,-0.5100002288818359
2009-06-04,15.68000030517578,15.68000030517578,14.779999732971191,15.149999618530272,15.149999618530272,-0.7158944280367633,-1.8782381459483852,-0.2899999618530291,-0.2899999618530291
2009-06-05,15.31999969482422,15.520000457763672,15.050000190734863,15.0600004196167,15.0600004196167,-0.82917582668758,-0.5940541331993954,-0.0899991989135724,-0.08999919891357244
2009-06-08,15.020000457763672,15.119999885559082,14.489999771118164,15.0600004196167,15.0600004196167,-0.9275591753917634,0.0,0.0,0.0
2009-06-09,15.100000381469728,15.68000030517578,14.979999542236328,15.529999732971191,15.529999732971191,-0.9269969848277394,3.120845287243723,0.4699993133544922,0.4699993133544922
2009-06-10,15.869999885559082,16.65999984741211,15.43000030517578,15.789999961853027,15.789999961853027,-0.5198304688334267,1.6741805109618868,0.2600002288818359,0.26000022888183594
2009-06-11,15.880000114440918,16.209999084472656,15.34000015258789,15.380000114440918,15.380000114440918,-0.7482203854681378,-2.5965791539115046,-0.4099998474121094,-0.4099998474121094
2009-06-12,15.3100004196167,15.4399995803833,15.18000030517578,15.399999618530272,15.399999618530272,-0.9286835565198112,0.1300357863494028,0.0199995040893536,0.019999504089353692
2009-06-15,15.520000457763672,15.520000457763672,14.670000076293944,15.119999885559082,15.119999885559082,-0.764383364183825,-1.8181801292662116,-0.2799997329711896,-0.27999973297118963
2009-06-16,15.119999885559082,15.329999923706056,13.789999961853027,14.119999885559082,14.119999885559082,-0.6482910127128888,-6.613756663815106,-1.0,-1.0
2009-06-17,14.010000228881836,14.350000381469728,14.0,14.270000457763672,14.270000457763672,-0.8525067350945721,1.0623270072261048,0.1500005722045898,0.15000057220458984
2009-06-18,14.229999542236328,14.25,13.949999809265137,14.09000015258789,14.09000015258789,-0.8281919932005383,-1.2613896243980238,-0.1800003051757812,-0.18000030517578125
2009-06-19,14.100000381469728,14.699999809265137,14.100000381469728,14.25,14.25,-0.8696535472973012,1.1355560374690432,0.1599998474121093,0.15999984741210938
2009-06-22,14.199999809265137,14.239999771118164,13.789999961853027,14.0,14.0,-0.7868709867447813,-1.7543859649122862,-0.25,-0.25
2009-06-23,14.050000190734863,14.289999961853027,14.010000228881836,14.119999885559082,14.119999885559082,-0.9558092512339644,0.8571420397077256,0.119999885559082,0.11999988555908203
2009-06-24,14.270000457763672,14.9399995803833,14.1899995803833,14.880000114440918,14.880000114440918,-0.7067588313713749,5.382437925223416,0.7600002288818359,0.7600002288818359
2009-06-25,14.829999923706056,15.420000076293944,14.670000076293944,15.420000076293944,15.420000076293944,-0.7982553456662653,3.6290319737898313,0.5399999618530256,0.5399999618530256
2009-06-26,15.380000114440918,16.690000534057617,15.100000381469728,16.520000457763672,16.520000457763672,0.0405329758574002,7.133595175273855,1.1000003814697283,1.1000003814697283
2009-06-29,16.770000457763672,17.149999618530273,15.710000038146973,15.8100004196167,15.8100004196167,-0.6443556787647214,-4.297820935067254,-0.7100000381469727,-0.7100000381469727
2009-06-30,16.0,16.030000686645508,15.3100004196167,15.760000228881836,15.760000228881836,-0.8335328035587654,-0.3162567324971332,-0.0500001907348632,-0.05000019073486328
2009-07-01,15.770000457763672,16.100000381469727,15.770000457763672,15.890000343322754,15.890000343322754,-0.8159643484330183,0.8248738106150455,0.1300001144409179,0.13000011444091797
2009-07-02,15.18000030517578,15.960000038146973,14.850000381469728,15.399999618530272,15.399999618530272,-0.7753460801822912,-3.0837049352134827,-0.4900007247924822,-0.49000072479248225
2009-07-06,15.5600004196167,15.5600004196167,15.170000076293944,15.399999618530272,15.399999618530272,-0.4402805040240441,0.0,0.0,0.0
2009-07-07,15.399999618530272,15.579999923706056,15.079999923706056,15.199999809265137,15.199999809265137,-0.7801246999764944,-1.298700092333005,-0.1999998092651349,-0.19999980926513494
2009-07-08,15.119999885559082,15.529999732971191,14.859999656677246,15.479999542236328,15.479999542236328,-0.6262250330749505,1.8421035295047796,0.2799997329711914,0.2799997329711914
2009-07-09,15.529999732971191,16.059999465942383,15.489999771118164,15.779999732971191,15.779999732971191,-0.8428089478651597,1.93798578557014,0.3000001907348633,0.3000001907348633
2009-07-10,15.729999542236328,16.459999084472656,15.510000228881836,16.31999969482422,16.31999969482422,-0.5965694808226896,3.422053048104523,0.5399999618530273,0.5399999618530273
2009-07-13,16.209999084472656,17.0,15.920000076293944,16.889999389648438,16.889999389648438,-0.2914405521987154,3.492645254184601,0.5699996948242188,0.5699996948242188
2009-07-14,16.920000076293945,17.15999984741211,16.739999771118164,17.030000686645508,17.030000686645508,-0.5303715419088748,0.8289005450342168,0.1400012969970703,0.1400012969970703
2009-07-15,17.149999618530273,17.5,16.93000030517578,17.229999542236328,17.229999542236328,-0.4329720266917333,1.1743913536518713,0.1999988555908203,0.1999988555908203
2009-07-16,17.18000030517578,17.25,16.649999618530273,16.860000610351562,16.860000610351562,-0.7209541431129785,-2.147411153307221,-0.3699989318847656,-0.3699989318847656
2009-07-17,16.200000762939453,16.6299991607666,15.75,16.489999771118164,16.489999771118164,-0.3697255882390441,-2.1945481959604884,-0.3700008392333984,-0.37000083923339844
2009-07-20,16.530000686645508,16.56999969482422,15.920000076293944,16.520000457763672,16.520000457763672,-0.5147707537572115,0.1819326080164884,0.0300006866455078,0.030000686645507812
2009-07-21,16.639999389648438,16.799999237060547,16.0,16.309999465942383,16.309999465942383,-0.8526472827355781,-1.2711924092144833,-0.210000991821289,-0.21000099182128906
2009-07-22,16.309999465942383,16.940000534057617,16.239999771118164,16.81999969482422,16.81999969482422,-0.7608696731586757,3.126917508162941,0.5100002288818359,0.5100002288818359
2009-07-23,16.760000228881836,17.670000076293945,16.700000762939453,17.670000076293945,17.670000076293945,-0.7049317120382972,5.0535100885363615,0.8500003814697266,0.8500003814697266
2009-07-24,17.479999542236328,17.579999923706055,16.639999389648438,17.0,17.0,-0.7216568813180083,-3.791737823435648,-0.6700000762939453,-0.6700000762939453
2009-07-27,17.0,17.469999313354492,16.290000915527344,16.899999618530273,16.899999618530273,-0.7842005815656677,-0.5882375380572125,-0.1000003814697265,-0.10000038146972656
2009-07-28,16.709999084472656,16.8700008392334,16.059999465942383,16.75,16.75,-0.8868003595000302,-0.8875717273141515,-0.1499996185302734,-0.14999961853027344
2009-07-29,16.670000076293945,16.809999465942383,16.1200008392334,16.440000534057617,16.440000534057617,-0.9397868201592832,-1.850743080253037,-0.3099994659423828,-0.3099994659423828
2009-07-30,16.520000457763672,17.170000076293945,16.350000381469727,16.459999084472656,16.459999084472656,-0.882302834987839,0.1216456798380782,0.019998550415039,0.019998550415039062
2009-07-31,16.469999313354492,16.889999389648438,16.31999969482422,16.420000076293945,16.420000076293945,-0.993757114305578,-0.243007353605773,-0.0399990081787109,-0.03999900817871094
2009-08-03,16.600000381469727,16.969999313354492,16.329999923706055,16.959999084472656,16.959999084472656,-0.7359927407006179,3.288666295186715,0.5399990081787109,0.5399990081787109
2009-08-04,16.889999389648438,17.40999984741211,16.68000030517578,17.18000030517578,17.18000030517578,-0.8974819802164845,1.2971770788864134,0.220001220703125,0.220001220703125
2009-08-05,19.0,21.13999938964844,18.6299991607666,20.100000381469727,20.100000381469727,0.8533199837949602,16.99650770910781,2.9200000762939453,2.9200000762939453
2009-08-06,20.0,20.43000030517578,19.6299991607666,19.71999931335449,19.71999931335449,-0.4950940840163748,-1.8905525418077216,-0.3800010681152379,-0.3800010681152379
2009-08-07,20.07999992370605,20.799999237060547,19.700000762939453,20.65999984741211,20.65999984741211,-0.6110458878463051,4.7667371540984105,0.9400005340576209,0.9400005340576207
2009-08-10,20.43000030517578,20.5,20.0,20.46999931335449,20.46999931335449,-0.3556708241384465,-0.919654092259925,-0.1900005340576207,-0.19000053405762074
2009-08-11,20.46999931335449,20.59000015258789,20.25,20.3799991607666,20.3799991607666,-0.7844816768476797,-0.4396685667164224,-0.090000152587887,-0.09000015258788707
2009-08-12,20.3799991607666,20.950000762939453,20.34000015258789,20.68000030517578,20.68000030517578,-0.6733084928119525,1.472037079308186,0.3000011444091797,0.3000011444091797
2009-08-13,21.049999237060547,21.07999992370605,20.39999961853028,20.770000457763672,20.770000457763672,-0.7223596195230382,0.4352038262076974,0.0900001525878906,0.09000015258789062
2009-08-14,20.770000457763672,20.799999237060547,20.0,20.200000762939453,20.200000762939453,-0.8641721892980682,-2.744341272323647,-0.5699996948242188,-0.5699996948242188
2009-08-17,19.86000061035156,20.1200008392334,19.229999542236328,19.920000076293945,19.920000076293945,-0.4536325299196118,-1.3861419607429926,-0.2800006866455078,-0.2800006866455078
2009-08-18,19.920000076293945,20.489999771118164,19.86000061035156,20.309999465942383,20.309999465942383,-0.1053554755068029,1.9578282537888287,0.3899993896484375,0.3899993896484375
2009-08-19,20.1200008392334,21.3700008392334,20.07999992370605,20.76000022888184,20.76000022888184,-0.3688823023930082,2.2156611264025683,0.4500007629394567,0.4500007629394567
2009-08-20,20.920000076293945,21.18000030517578,20.1299991607666,20.56999969482422,20.56999969482422,-0.6429502023546617,-0.9152241424028816,-0.1900005340576207,-0.19000053405762074
2009-08-21,20.799999237060547,21.670000076293945,20.46999931335449,21.270000457763672,21.270000457763672,0.18304828383746,3.403017857679336,0.7000007629394531,0.7000007629394531
2009-08-24,21.71999931335449,22.700000762939453,21.5,22.049999237060547,22.049999237060547,-0.2565847372292333,3.667130994405654,0.779998779296875,0.779998779296875
2009-08-25,22.38999938964844,22.729999542236328,21.729999542236328,21.90999984741211,21.90999984741211,-0.1663531517033966,-0.6349178888547691,-0.1399993896484375,-0.1399993896484375
2009-08-26,22.15999984741211,22.40999984741211,21.700000762939453,22.06999969482422,22.06999969482422,-0.7073210219353988,0.7302594638356696,0.1599998474121093,0.15999984741210938
2009-08-27,21.989999771118164,22.420000076293945,21.799999237060547,22.3799991607666,22.3799991607666,-0.7840600339246617,1.4046192579471706,0.3099994659423828,0.3099994659423828
2009-08-28,22.51000022888184,22.739999771118164,22.040000915527344,22.14999961853028,22.14999961853028,-0.2965002672749305,-1.027701299647621,-0.2299995422363245,-0.22999954223632102
2009-08-31,22.18000030517578,22.18000030517578,21.75,22.0,22.0,-0.2783696215851596,-0.6771991923864018,-0.149999618530277,-0.14999961853028054
2009-09-01,21.950000762939453,22.350000381469727,20.350000381469727,20.59000015258789,20.59000015258789,0.21832574172996,-6.409090215509583,-1.4099998474121094,-1.4099998474121094
2009-09-02,20.75,20.989999771118164,20.11000061035156,20.600000381469727,20.600000381469727,-0.4963590127854286,0.0485683769195111,0.0100002288818359,0.010000228881835938
2009-09-03,20.770000457763672,20.940000534057617,20.1200008392334,20.32999992370605,20.32999992370605,-0.4756985095575501,-1.3106818095331096,-0.2700004577636754,-0.2700004577636754
2009-09-04,20.36000061035156,20.770000457763672,20.1299991607666,20.51000022888184,20.51000022888184,-0.8520850921715541,0.885392552146036,0.1800003051757883,0.18000030517578836
2009-09-08,20.549999237060547,20.770000457763672,20.36000061035156,20.6200008392334,20.6200008392334,-0.5295282560628389,0.5363267144027573,0.1100006103515589,0.11000061035155895
2009-09-09,20.690000534057617,21.700000762939453,20.5,21.5,21.5,-0.7948822022821219,4.267697017219518,0.8799991607666016,0.8799991607666016
2009-09-10,21.59000015258789,22.25,21.39999961853028,22.06999969482422,22.06999969482422,-0.8142777767409466,2.6511613712754345,0.5699996948242188,0.5699996948242188
2009-09-11,21.809999465942383,22.5,21.790000915527344,22.299999237060547,22.299999237060547,-0.6672649442486955,1.0421365900166624,0.2299995422363281,0.22999954223632812
2009-09-14,22.06999969482422,22.6200008392334,21.57999992370605,22.420000076293945,22.420000076293945,-0.8014879414094027,0.538120373717188,0.1200008392333984,0.12000083923339844
2009-09-15,22.309999465942383,22.690000534057617,22.01000022888184,22.030000686645508,22.030000686645508,-0.7760488183873211,-1.739515558970972,-0.3899993896484375,-0.3899993896484375
2009-09-16,22.100000381469727,22.600000381469727,21.729999542236328,22.5,22.5,-0.8875030977050602,2.1334511970279024,0.4699993133544922,0.4699993133544922
2009-09-17,22.530000686645508,22.600000381469727,22.14999961853028,22.280000686645508,22.280000686645508,-0.948360226260648,-0.9777747260199644,-0.2199993133544922,-0.2199993133544922
2009-09-18,22.299999237060547,22.299999237060547,21.700000762939453,21.780000686645508,21.780000686645508,-0.8443549719162254,-2.244165101393813,-0.5,-0.5
2009-09-21,21.770000457763672,21.770000457763672,20.88999938964844,21.170000076293945,21.170000076293945,-0.7479392901861258,-2.800737332967973,-0.6100006103515625,-0.6100006103515625
2009-09-22,21.100000381469727,21.68000030517578,20.46999931335449,21.549999237060547,21.549999237060547,-0.6047212440010362,1.7949889437748334,0.3799991607666015,0.37999916076660156
2009-09-23,21.729999542236328,22.040000915527344,21.200000762939453,21.299999237060547,21.299999237060547,-0.8606584982729187,-1.1600928484956197,-0.25,-0.25
2009-09-24,21.459999084472656,21.59000015258789,20.46999931335449,20.51000022888184,20.51000022888184,-0.7097103318325003,-3.708915664204171,-0.7899990081787074,-0.7899990081787074
2009-09-25,21.09000015258789,21.09000015258789,20.0,20.450000762939453,20.450000762939453,-0.5677572144164644,-0.292537617127353,-0.0599994659423863,-0.059999465942386365
2009-09-28,20.709999084472656,21.25,20.450000762939453,21.0,21.0,-0.7361332883416238,2.689482721473957,0.5499992370605469,0.5499992370605469
2009-09-29,21.059999465942383,21.709999084472656,21.030000686645508,21.299999237060547,21.299999237060547,-0.8730266906814446,1.4285677955264031,0.2999992370605469,0.2999992370605469
2009-09-30,21.3700008392334,21.850000381469727,20.920000076293945,21.690000534057617,21.690000534057617,-0.7638211736198012,1.8309920702649365,0.3900012969970703,0.3900012969970703
2009-10-01,21.64999961853028,21.88999938964844,21.239999771118164,21.5,21.5,-0.523344159858576,-0.8759821548149693,-0.1900005340576172,-0.1900005340576172
2009-10-02,21.3700008392334,21.520000457763672,20.920000076293945,21.11000061035156,21.11000061035156,-0.7771731995153689,-1.8139506495276287,-0.389999389648441,-0.38999938964844105
2009-10-05,21.280000686645508,21.739999771118164,21.0,21.65999984741211,21.65999984741211,-0.900011837754592,2.6053965947819613,0.5499992370605504,0.5499992370605504
2009-10-06,21.950000762939453,23.040000915527344,21.89999961853028,23.01000022888184,23.01000022888184,-0.717580999728835,6.232688785688167,1.35000038146973,1.3500003814697301
2009-10-07,23.200000762939453,24.040000915527344,23.040000915527344,23.8700008392334,23.8700008392334,-0.4061274272595919,3.737508047792626,0.860000610351559,0.860000610351559
2009-10-08,24.18000030517578,24.34000015258789,23.3700008392334,23.46999931335449,23.46999931335449,-0.5766117157998409,-1.6757499447652149,-0.4000015258789098,-0.4000015258789098
2009-10-09,23.34000015258789,23.600000381469727,22.75,23.059999465942383,23.059999465942383,-0.8766809293476,-1.746910351117115,-0.4099998474121058,-0.4099998474121058
2009-10-12,23.1299991607666,23.170000076293945,21.709999084472656,22.5,22.5,-0.5712709054416139,-2.428445268480828,-0.5599994659423828,-0.5599994659423828
2009-10-13,22.530000686645508,22.76000022888184,22.26000022888184,22.57999992370605,22.57999992370605,-0.8869409071410362,0.3555552164713482,0.0799999237060511,0.07999992370605113
2009-10-14,22.75,23.0,22.049999237060547,22.21999931335449,22.21999931335449,-0.6689515159407673,-1.594333975057316,-0.3600006103515625,-0.3600006103515625
2009-10-15,22.049999237060547,22.36000061035156,21.84000015258789,22.01000022888184,22.01000022888184,-0.7709891033111059,-0.9450904183711528,-0.2099990844726491,-0.20999908447264914
2009-10-16,21.76000022888184,22.64999961853028,21.76000022888184,22.5,22.5,-0.8752754529375403,2.226259727499569,0.4899997711181605,0.4899997711181605
2009-10-19,22.51000022888184,23.479999542236328,22.280000686645508,23.3799991607666,23.3799991607666,-0.7576370774155382,3.911107381184897,0.8799991607666016,0.8799991607666016
2009-10-20,23.5,23.799999237060547,23.200000762939453,23.600000381469727,23.600000381469727,-0.7133645704986558,0.9409804473915706,0.220001220703125,0.220001220703125
2009-10-21,23.5,24.709999084472656,22.89999961853028,23.26000022888184,23.26000022888184,-0.4220093106932672,-1.4406785893734453,-0.3400001525878871,-0.3400001525878871
2009-10-22,23.170000076293945,23.21999931335449,22.5,23.030000686645508,23.030000686645508,-0.7246083817791338,-0.9888200342781706,-0.2299995422363316,-0.22999954223633168
2009-10-23,23.270000457763672,23.5,22.5,22.63999938964844,22.63999938964844,-0.95876075169509,-1.6934489160619903,-0.3900012969970667,-0.39000129699706676
2009-10-26,22.63999938964844,23.489999771118164,22.14999961853028,22.18000030517578,22.18000030517578,-0.6979043299879983,-2.0317981310678968,-0.4599990844726598,-0.4599990844726598
2009-10-27,22.290000915527344,22.290000915527344,21.450000762939453,21.530000686645508,21.530000686645508,-0.7053533549613151,-2.9305663191474096,-0.6499996185302734,-0.6499996185302734
2009-10-28,21.65999984741211,21.959999084472656,20.420000076293945,20.440000534057617,20.440000534057617,-0.6904553050146817,-5.062703752090403,-1.0900001525878906,-1.0900001525878906
2009-10-29,20.56999969482422,21.040000915527344,20.440000534057617,20.809999465942383,20.809999465942383,-0.3341670350645321,1.8101708523356572,0.3699989318847656,0.3699989318847656
2009-10-30,20.739999771118164,21.46999931335449,20.61000061035156,21.25,21.25,-0.6398581542525302,2.11437071287639,0.4400005340576172,0.4400005340576172
2009-11-02,21.459999084472656,22.0,21.040000915527344,21.700000762939453,21.700000762939453,-0.7584803632615741,2.1176506491268343,0.4500007629394531,0.4500007629394531
2009-11-03,21.36000061035156,22.89999961853028,21.239999771118164,22.799999237060547,22.799999237060547,-0.2488546169739046,5.069117214040553,1.0999984741210938,1.0999984741210938
2009-11-04,23.39999961853028,24.479999542236328,21.90999984741211,22.88999938964844,22.88999938964844,0.1604201136354978,0.3947375245592299,0.0900001525878941,0.09000015258789418
2009-11-05,22.96999931335449,24.64999961853028,22.57999992370605,24.01000022888184,24.01000022888184,-0.3733798269051995,4.892970157700827,1.1200008392333984,1.1200008392333984
2009-11-06,23.76000022888184,25.06999969482422,23.76000022888184,24.950000762939453,24.950000762939453,-0.6169488887685561,3.915037588907966,0.9400005340576136,0.9400005340576136
2009-11-09,25.229999542236328,25.799999237060547,24.809999465942383,24.979999542236328,24.979999542236328,-0.6803358748622513,0.1202355846875669,0.029998779296875,0.029998779296875
2009-11-10,26.14999961853028,26.25,24.25,24.440000534057617,24.440000534057617,0.901949467583028,-2.1617254526593466,-0.5399990081787109,-0.5399990081787109
2009-11-11,24.6200008392334,25.14999961853028,24.36000061035156,24.540000915527344,24.540000915527344,-0.3573573958305182,0.4091668546830629,0.1000003814697265,0.10000038146972656
2009-11-12,24.5,25.0,24.350000381469727,24.809999465942383,24.809999465942383,-0.7184242855748708,1.100238550701116,0.269998550415039,0.26999855041503906
2009-11-13,24.96999931335449,25.1200008392334,24.729999542236328,25.0,25.0,-0.4858179397099804,0.765822402851879,0.1900005340576172,0.1900005340576172
2009-11-16,25.40999984741211,25.520000457763672,24.690000534057617,24.709999084472656,24.709999084472656,2.6824069838467333,-1.1600036621093768,-0.2900009155273437,-0.29000091552734375
2009-11-17,24.40999984741211,25.34000015258789,24.3700008392334,24.90999984741211,24.90999984741211,-0.4009271645423708,0.8093920289342638,0.2000007629394531,0.20000076293945312
2009-11-18,24.90999984741211,25.229999542236328,24.89999961853028,25.059999465942383,25.059999465942383,-0.68806599511758,0.6021662763914248,0.1499996185302734,0.14999961853027344
2009-11-19,24.989999771118164,25.040000915527344,24.07999992370605,24.43000030517578,24.43000030517578,-0.5684599526214943,-2.513963185126156,-0.6299991607666016,-0.6299991607666016
2009-11-20,24.34000015258789,24.71999931335449,24.1299991607666,24.6200008392334,24.6200008392334,-0.7479392901861258,0.7777344727145419,0.1900005340576172,0.1900005340576172
2009-11-23,24.780000686645508,25.280000686645508,24.780000686645508,25.0,25.0,-0.7033856879872314,1.5434571397781929,0.3799991607666015,0.37999916076660156
2009-11-24,24.81999969482422,25.309999465942383,24.11000061035156,24.170000076293945,24.170000076293945,-0.8806162632957674,-3.319999694824216,-0.8299999237060547,-0.8299999237060547
2009-11-25,24.200000762939453,24.76000022888184,23.799999237060547,24.56999969482422,24.56999969482422,-0.7629778877737653,1.6549425621334324,0.3999996185302734,0.39999961853027344
2009-11-27,24.09000015258789,24.670000076293945,23.82999992370605,24.040000915527344,24.040000915527344,-1.0377485259404486,-2.157097215628057,-0.529998779296875,-0.529998779296875
2009-11-30,24.09000015258789,24.190000534057617,23.209999084472656,23.6200008392334,23.6200008392334,-0.7265760487532175,-1.7470884371833306,-0.4200000762939453,-0.4200000762939453
2009-12-01,23.700000762939453,24.920000076293945,23.700000762939453,24.68000030517578,24.68000030517578,-0.7277004298812653,4.487719848771965,1.0599994659423828,1.0599994659423828
2009-12-02,24.709999084472656,25.989999771118164,24.6299991607666,25.770000457763672,25.770000457763672,-0.5198304688334267,4.416532168191667,1.0900001525878906,1.0900001525878906
2009-12-03,25.780000686645508,26.549999237060547,25.59000015258789,26.309999465942383,26.309999465942383,-0.1608717937041635,2.0954559510534487,0.5399990081787109,0.5399990081787109
2009-12-04,26.790000915527344,27.600000381469727,26.1299991607666,26.350000381469727,26.350000381469727,-0.2845537177894225,0.1520369302140167,0.0400009155273437,0.04000091552734375
2009-12-07,26.479999542236328,26.84000015258789,25.979999542236328,26.100000381469727,26.100000381469727,-0.888486931192102,-0.9487665896802387,-0.25,-0.25
2009-12-08,25.670000076293945,26.209999084472656,25.25,25.81999969482422,25.81999969482422,-0.8675453326822116,-1.0727995500118823,-0.2800006866455078,-0.2800006866455078
2009-12-09,25.76000022888184,25.84000015258789,25.07999992370605,25.450000762939453,25.450000762939453,-0.9860269940502494,-1.4329935563823226,-0.3699989318847656,-0.3699989318847656
2009-12-10,25.6299991607666,26.14999961853028,25.200000762939453,26.0,26.0,-0.8222889922782872,2.161097133880885,0.5499992370605469,0.5499992370605469
2009-12-11,26.049999237060547,26.450000762939453,26.0,26.38999938964844,26.38999938964844,-0.8598152124268829,1.4999976524940006,0.389999389648441,0.38999938964844105
2009-12-14,26.71999931335449,27.57999992370605,26.43000030517578,27.540000915527344,27.540000915527344,-0.7580587203385561,4.35771713708335,1.1500015258789027,1.1500015258789027
2009-12-15,27.65999984741211,28.01000022888184,27.09000015258789,27.440000534057617,27.440000534057617,-0.770567460388088,-0.363109579322296,-0.1000003814697265,-0.10000038146972656
2009-12-16,27.56999969482422,28.440000534057617,27.56999969482422,28.190000534057617,28.190000534057617,-0.8329706129947414,2.7332360984072324,0.75,0.75
2009-12-17,28.0,28.020000457763672,26.6299991607666,27.63999938964844,27.63999938964844,-0.3825154235705879,-1.9510504930452035,-0.5500011444091761,-0.5500011444091761
2009-12-18,27.59000015258789,27.59000015258789,26.64999961853028,27.040000915527344,27.040000915527344,-0.2686718343557472,-2.170761531730736,-0.5999984741210973,-0.5999984741210973
2009-12-21,27.11000061035156,27.440000534057617,26.920000076293945,27.25,27.25,-0.9567930847210064,0.7766238068138032,0.2099990844726562,0.20999908447265625
2009-12-22,27.450000762939453,27.450000762939453,27.1299991607666,27.18000030517578,27.18000030517578,-0.9423166776973908,-0.2568796140338336,-0.0699996948242187,-0.06999969482421875
2009-12-23,27.25,28.38999938964844,27.25,28.25,28.25,-0.8733077859634566,3.936717008132118,1.0699996948242188,1.0699996948242188
2009-12-24,28.25,28.57999992370605,28.21999931335449,28.39999961853028,28.39999961853028,-1.0162447368665344,0.5309721009921331,0.149999618530277,0.14999961853028054
2009-12-28,28.549999237060547,28.81999969482422,28.020000457763672,28.420000076293945,28.420000076293945,-0.9388029866722416,0.0704241480011136,0.0200004577636683,0.02000045776366477
2009-12-29,28.420000076293945,28.93000030517578,28.15999984741211,28.190000534057617,28.190000534057617,-0.9989573770227992,-0.8092876200523902,-0.2299995422363281,-0.22999954223632812
2009-12-30,27.93000030517578,28.25,27.06999969482422,27.200000762939453,27.200000762939453,-0.8606584982729187,-3.511882768225205,-0.989999771118164,-0.9899997711181641
2009-12-31,27.11000061035156,27.56999969482422,26.76000022888184,26.799999237060547,26.799999237060547,-0.7368360265466537,-1.4705938038939936,-0.4000015258789062,-0.40000152587890625
2010-01-04,27.18000030517578,27.25,25.290000915527344,26.18000030517578,26.18000030517578,-0.3899644485439046,-2.3134289161747312,-0.6199989318847656,-0.6199989318847656
2010-01-05,26.3700008392334,26.540000915527344,25.81999969482422,26.100000381469727,26.100000381469727,-0.9112556490350702,-0.3055764811822348,-0.0799999237060546,-0.07999992370605469
2010-01-06,26.020000457763672,26.39999961853028,25.770000457763672,26.239999771118164,26.239999771118164,-0.876118738783576,0.5363961210814061,0.1399993896484375,0.1399993896484375
2010-01-07,26.270000457763672,26.86000061035156,26.209999084472656,26.850000381469727,26.850000381469727,-0.8868003595000302,2.3246974682636257,0.6100006103515625,0.6100006103515625
2010-01-08,26.6299991607666,27.64999961853028,26.6299991607666,27.63999938964844,27.63999938964844,-0.7617129590047115,2.942268145083249,0.7899990081787145,0.7899990081787145
2010-01-11,28.530000686645508,28.530000686645508,25.3799991607666,26.25,26.25,1.4415118614049702,-5.028941462889525,-1.389999389648441,-1.389999389648441
2010-01-12,25.40999984741211,26.540000915527344,24.950000762939453,25.15999984741211,25.15999984741211,-0.1160370962232571,-4.152381533668159,-1.0900001525878906,-1.0900001525878906
2010-01-13,25.36000061035156,26.270000457763672,24.6299991607666,26.100000381469727,26.100000381469727,-0.5445668536504784,3.736091175510503,0.9400005340576172,0.9400005340576172
2010-01-14,26.100000381469727,26.190000534057617,25.559999465942383,25.59000015258789,25.59000015258789,-0.7671943170039446,-1.954023836888219,-0.5100002288818359,-0.5100002288818359
2010-01-15,25.71999931335449,26.030000686645508,24.75,25.030000686645508,25.030000686645508,-0.8816000967828092,-2.1883527260774582,-0.5599994659423828,-0.5599994659423828
2010-01-19,25.1299991607666,25.1299991607666,24.89999961853028,25.020000457763672,25.020000457763672,-0.7094292365504884,-0.0399529708649648,-0.0100002288818359,-0.010000228881835938
2010-01-20,24.89999961853028,25.26000022888184,24.799999237060547,25.06999969482422,25.06999969482422,-0.6028941246679584,0.1998370749231259,0.0499992370605468,0.049999237060546875
2010-01-21,25.040000915527344,25.3700008392334,24.63999938964844,24.690000534057617,24.690000534057617,-0.8319867795076996,-1.5157525544168826,-0.3799991607666015,-0.37999916076660156
2010-01-22,24.65999984741211,24.670000076293945,23.049999237060547,23.299999237060547,23.299999237060547,-0.4726064614554186,-5.629814770881392,-1.3900012969970703,-1.3900012969970703
2010-01-25,23.56999969482422,23.790000915527344,22.59000015258789,22.940000534057617,22.940000534057617,-0.5486427352396517,-1.54505886176306,-0.3599987030029297,-0.3599987030029297
2010-01-26,22.84000015258789,23.8700008392334,22.84000015258789,23.75,23.75,-0.6030346723089645,3.5309478948783117,0.8099994659423828,0.8099994659423828
2010-01-27,23.690000534057617,24.059999465942383,23.25,24.049999237060547,24.049999237060547,-0.8733077859634566,1.2631546823602011,0.2999992370605469,0.2999992370605469
2010-01-28,24.18000030517578,24.18000030517578,23.25,23.64999961853028,23.64999961853028,-0.92278055559756,-1.6632001298107268,-0.3999996185302699,-0.39999961853026633
2010-01-29,23.690000534057617,23.89999961853028,23.530000686645508,23.68000030517578,23.68000030517578,-0.8904545981661857,0.1268527997015267,0.0300006866455042,0.030000686645500707
2010-02-01,23.670000076293945,24.100000381469727,23.530000686645508,24.049999237060547,24.049999237060547,-0.5553890220079386,1.562495469241587,0.3699989318847656,0.3699989318847656
2010-02-02,24.0,24.920000076293945,23.790000915527344,24.90999984741211,24.90999984741211,-0.3104144837345222,3.5758862271659364,0.8600006103515625,0.8600006103515625
2010-02-03,24.690000534057617,25.01000022888184,24.549999237060547,24.809999465942383,24.809999465942383,-0.6877848998355681,-0.4014467365808349,-0.1000003814697265,-0.10000038146972656
2010-02-04,24.700000762939453,24.700000762939453,23.450000762939453,23.450000762939453,23.450000762939453,-0.5849040266191935,-5.481655510996086,-1.3599987030029297,-1.3599987030029297
2010-02-05,23.51000022888184,23.51000022888184,22.64999961853028,22.75,22.75,-0.665156729633606,-2.9850777832201136,-0.7000007629394531,-0.7000007629394531
2010-02-08,22.790000915527344,23.61000061035156,22.690000534057617,23.31999969482422,23.31999969482422,-0.841544019096106,2.5054931640625,0.5699996948242188,0.5699996948242188
2010-02-09,23.600000381469727,24.170000076293945,23.290000915527344,24.15999984741211,24.15999984741211,-0.8272081597134964,3.6020590204995706,0.8400001525878906,0.8400001525878906
2010-02-10,24.14999961853028,24.26000022888184,23.6200008392334,24.229999542236328,24.229999542236328,-0.9472358451326,0.2897338380228431,0.0699996948242187,0.06999969482421875
2010-02-11,24.100000381469727,24.959999084472656,23.920000076293945,24.93000030517578,24.93000030517578,-0.9036660764207474,2.8889838058777206,0.7000007629394531,0.7000007629394531
2010-02-12,24.739999771118164,25.459999084472656,24.57999992370605,25.459999084472656,25.459999084472656,-0.8407007332500701,2.1259477449217634,0.529998779296875,0.529998779296875
2010-02-16,25.739999771118164,25.90999984741211,25.229999542236328,25.809999465942383,25.809999465942383,-0.8546149497096618,1.374706968010786,0.3500003814697265,0.35000038146972656
2010-02-17,25.959999084472656,26.209999084472656,25.39999961853028,25.799999237060547,25.799999237060547,-0.8731672383224506,-0.0387455602044117,-0.0100002288818359,-0.010000228881835938
2010-02-18,25.299999237060547,25.299999237060547,22.040000915527344,22.56999969482422,22.56999969482422,1.1387722426780975,-12.5193784408977,-3.229999542236328,-3.229999542236328
2010-02-19,22.43000030517578,23.1299991607666,22.1200008392334,22.780000686645508,22.780000686645508,-0.3705688740850799,0.9304430423605404,0.210000991821289,0.21000099182128906
2010-02-22,22.920000076293945,23.36000061035156,22.81999969482422,23.34000015258789,23.34000015258789,-0.5147707537572115,2.4582943330228924,0.5599994659423828,0.5599994659423828
2010-02-23,23.299999237060547,23.420000076293945,22.81999969482422,22.940000534057617,22.940000534057617,-0.163963841806295,-1.7137944126616622,-0.3999996185302734,-0.39999961853027344
2010-02-24,22.86000061035156,23.01000022888184,22.34000015258789,22.51000022888184,22.51000022888184,-0.5598865465201298,-1.874456386944645,-0.4300003051757777,-0.4300003051757777
2010-02-25,22.190000534057617,22.809999465942383,21.850000381469727,22.51000022888184,22.51000022888184,-0.364103682598805,0.0,0.0,0.0
2010-02-26,22.459999084472656,22.51000022888184,22.030000686645508,22.18000030517578,22.18000030517578,-0.1334650037079982,-1.4660147505580534,-0.3299999237060582,-0.32999992370605824
2010-03-01,22.14999961853028,22.959999084472656,22.049999237060547,22.86000061035156,22.86000061035156,-0.2929865762497811,3.0658264013508463,0.6800003051757777,0.6800003051757777
2010-03-02,22.89999961853028,23.18000030517578,22.6200008392334,23.06999969482422,23.06999969482422,-0.3813910424425401,0.9186311411451432,0.2099990844726598,0.2099990844726598
2010-03-03,23.040000915527344,23.8799991607666,22.790000915527344,23.770000457763672,23.770000457763672,-0.1548282451409066,3.0342469536161154,0.7000007629394531,0.7000007629394531
2010-03-04,23.88999938964844,24.670000076293945,23.809999465942383,24.530000686645508,24.530000686645508,-0.3409133218328189,3.1973084318288603,0.7600002288818359,0.7600002288818359
2010-03-05,24.64999961853028,25.0,24.600000381469727,24.88999938964844,24.88999938964844,-0.2444976401027193,1.467585376786884,0.3599987030029332,0.35999870300293324
2010-03-08,24.809999465942383,24.989999771118164,24.479999542236328,24.700000762939453,24.700000762939453,-0.7303708350603788,-0.7633532799040887,-0.1899986267089879,-0.18999862670898793
2010-03-09,24.530000686645508,24.739999771118164,23.729999542236328,23.989999771118164,23.989999771118164,-0.7036667832692434,-2.8744978538081445,-0.7100009918212891,-0.7100009918212891
2010-03-10,24.0,24.0,23.6299991607666,23.799999237060547,23.799999237060547,-0.7870115343857872,-0.7919988990010784,-0.1900005340576172,-0.1900005340576172
2010-03-11,23.86000061035156,24.309999465942383,23.3799991607666,24.190000534057617,24.190000534057617,-0.7603074825946518,1.6386609642817795,0.3900012969970703,0.3900012969970703
2010-03-12,24.350000381469727,24.729999542236328,23.780000686645508,24.15999984741211,24.15999984741211,-0.8668425944771817,-0.124021025147436,-0.0300006866455078,-0.030000686645507812
2010-03-15,24.170000076293945,24.420000076293945,23.950000762939453,24.3700008392334,24.3700008392334,-0.7771731995153689,0.8692094087235036,0.210000991821289,0.21000099182128906
2010-03-16,24.38999938964844,25.200000762939453,24.059999465942383,25.13999938964844,25.13999938964844,-0.5487832828806577,3.159616429620371,0.7699985504150426,0.7699985504150426
2010-03-17,25.1200008392334,25.88999938964844,24.850000381469727,25.76000022888184,25.76000022888184,-0.5548268314439146,2.4661927378116344,0.6200008392333984,0.6200008392333984
2010-03-18,25.61000061035156,25.850000381469727,25.34000015258789,25.59000015258789,25.59000015258789,-0.8076720376136657,-0.6599381785072578,-0.1700000762939488,-0.17000007629394887
2010-03-19,24.920000076293945,25.700000762939453,24.63999938964844,24.920000076293945,24.920000076293945,-0.3768935179303488,-2.6182105209021977,-0.6700000762939453,-0.6700000762939453
2010-03-22,24.809999465942383,26.459999084472656,24.5,26.299999237060547,26.299999237060547,0.082978363441205,5.5377173215957365,1.3799991607666016,1.3799991607666016
2010-03-23,26.3799991607666,26.989999771118164,26.270000457763672,26.75,26.75,-0.5785793827739246,1.7110295665154762,0.4500007629394531,0.4500007629394531
2010-03-24,26.559999465942383,26.979999542236328,25.8799991607666,26.420000076293945,26.420000076293945,-0.5753467870307871,-1.2336445746020774,-0.3299999237060547,-0.3299999237060547
2010-03-25,26.46999931335449,26.93000030517578,26.290000915527344,26.700000762939453,26.700000762939453,-0.6688109682997613,1.059805775310152,0.2800006866455078,0.2800006866455078
2010-03-26,26.71999931335449,27.07999992370605,26.26000022888184,26.420000076293945,26.420000076293945,-0.4787905576596816,-1.0486916803169488,-0.2800006866455078,-0.2800006866455078
2010-03-29,26.40999984741211,26.71999931335449,26.0,26.5,26.5,-0.8272081597134964,0.3028006187548726,0.0799999237060546,0.07999992370605469
2010-03-30,26.600000381469727,26.89999961853028,26.31999969482422,26.56999969482422,26.56999969482422,-0.7341656213675402,0.264149791789503,0.0699996948242187,0.06999969482421875
2010-03-31,26.459999084472656,26.96999931335449,26.170000076293945,26.670000076293945,26.670000076293945,-0.7673348646449506,0.3763657607011916,0.1000003814697265,0.10000038146972656
2010-04-01,26.780000686645508,27.0,26.209999084472656,26.690000534057617,26.690000534057617,-0.6128730071793828,0.0749923423564169,0.0200004577636718,0.020000457763671875
2010-04-05,26.86000061035156,27.46999931335449,26.809999465942383,27.440000534057617,27.440000534057617,-0.7527179099803291,2.810041157709864,0.75,0.75
2010-04-06,27.209999084472656,27.71999931335449,27.14999961853028,27.290000915527344,27.290000915527344,-0.794038916436086,-0.5466458294856813,-0.1499996185302734,-0.14999961853027344
2010-04-07,27.34000015258789,27.68000030517578,26.65999984741211,26.809999465942383,26.809999465942383,-0.8253810403804187,-1.75889129161535,-0.4800014495849609,-0.48000144958496094
2010-04-08,26.76000022888184,27.299999237060547,26.209999084472656,27.049999237060547,27.049999237060547,-0.8617828794009665,0.8951875266653531,0.239999771118164,0.23999977111816406
2010-04-09,27.1200008392334,27.8799991607666,26.81999969482422,27.8799991607666,27.8799991607666,-0.7327601449574804,3.068391671408599,0.8299999237060547,0.8299999237060547
2010-04-12,27.959999084472656,28.09000015258789,27.709999084472656,28.07999992370605,28.07999992370605,-0.9206723409824704,0.717362872883065,0.2000007629394495,0.20000076293944957
2010-04-13,28.06999969482422,28.06999969482422,27.01000022888184,27.309999465942383,27.309999465942383,-0.6749950645040242,-2.742166879828256,-0.7700004577636683,-0.7700004577636683
2010-04-14,27.34000015258789,28.84000015258789,27.34000015258789,28.809999465942383,28.809999465942383,-0.7978337027432474,5.492493699498646,1.5,1.5
2010-04-15,28.93000030517578,29.6299991607666,28.530000686645508,29.489999771118164,29.489999771118164,-0.700012544603088,2.36029266845228,0.6800003051757812,0.6800003051757812
2010-04-16,29.489999771118164,29.520000457763672,28.76000022888184,29.31999969482422,29.31999969482422,-0.7569343392105083,-0.5764668620324653,-0.1700000762939453,-0.1700000762939453
2010-04-19,29.13999938964844,29.350000381469727,28.200000762939453,28.75,28.75,-0.8868003595000302,-1.9440644637006568,-0.5699996948242188,-0.5699996948242188
2010-04-20,28.780000686645508,29.43000030517578,28.739999771118164,29.350000381469727,29.350000381469727,-0.970004562975568,2.086957848590343,0.6000003814697266,0.6000003814697266
2010-04-21,29.450000762939453,29.940000534057617,29.1200008392334,29.940000534057617,29.940000534057617,-0.8741510718094924,2.010221958839864,0.5900001525878906,0.5900001525878906
2010-04-22,29.739999771118164,30.920000076293945,29.59000015258789,30.6299991607666,30.6299991607666,-0.1969925374426994,2.304604590517933,0.6899986267089844,0.6899986267089844
2010-04-23,30.71999931335449,32.16999816894531,30.71999931335449,31.989999771118164,31.989999771118164,-0.4364857177168827,4.440093527960531,1.3600006103515625,1.3600006103515625
2010-04-26,32.04999923706055,33.40999984741211,31.700000762939453,31.8700008392334,31.8700008392334,0.3339964502778784,-0.3751138879128923,-0.1199989318847656,-0.11999893188476562
2010-04-27,31.809999465942383,31.809999465942383,29.959999084472656,30.600000381469727,30.600000381469727,0.1571875178923604,-3.984940145342719,-1.270000457763672,-1.2700004577636719
2010-04-28,29.979999542236328,31.14999961853028,28.63999938964844,30.739999771118164,30.739999771118164,0.7867004019581275,0.4575143395528114,0.1399993896484375,0.1399993896484375
2010-04-29,31.14999961853028,31.56999969482422,30.540000915527344,31.229999542236328,31.229999542236328,-0.6568644188142533,1.5940135808932163,0.489999771118164,0.48999977111816406
2010-04-30,31.420000076293945,31.71999931335449,30.440000534057617,30.459999084472656,30.459999084472656,-0.735008907213576,-2.4655794718225987,-0.7700004577636719,-0.7700004577636719
2010-05-03,30.57999992370605,31.90999984741211,30.239999771118164,31.520000457763672,31.520000457763672,-0.4804771293517533,3.479978349150259,1.0600013732910156,1.0600013732910156
2010-05-04,31.31999969482422,31.31999969482422,29.979999542236328,30.06999969482422,30.06999969482422,-0.6201814845116935,-4.60025616079045,-1.4500007629394531,-1.4500007629394531
2010-05-05,29.979999542236328,30.549999237060547,29.030000686645508,29.68000030517578,29.68000030517578,-0.7208135954719724,-1.2969717113617607,-0.3899993896484375,-0.3899993896484375
2010-05-06,29.450000762939453,29.989999771118164,26.65999984741211,28.09000015258789,28.09000015258789,-0.1390869093482372,-5.357143316169766,-1.5900001525878906,-1.5900001525878906
2010-05-07,28.11000061035156,28.920000076293945,27.190000534057617,28.020000457763672,28.020000457763672,-0.6433718452776797,-0.2491979154288781,-0.0699996948242187,-0.06999969482421875
2010-05-10,29.3799991607666,29.68000030517578,29.0,29.46999931335449,29.46999931335449,-0.5895420987723907,5.174870920421615,1.4499988555908168,1.4499988555908168
2010-05-11,29.13999938964844,30.81999969482422,29.0,30.13999938964844,30.13999938964844,-0.7195486667029187,2.273498784882344,0.6700000762939524,0.6700000762939524
2010-05-12,30.32999992370605,31.39999961853028,30.229999542236328,31.25,31.25,-0.6866605187075202,3.682815636462111,1.110000610351559,1.110000610351559
2010-05-13,31.239999771118164,31.989999771118164,30.059999465942383,30.3799991607666,30.3799991607666,-0.8055638229985761,-2.784002685546872,-0.8700008392333984,-0.8700008392333984
2010-05-14,30.15999984741211,30.15999984741211,29.14999961853028,29.729999542236328,29.729999542236328,-0.7080237601404287,-2.1395643070645565,-0.6499996185302734,-0.6499996185302734
2010-05-17,29.81999969482422,30.26000022888184,28.920000076293945,29.799999237060547,29.799999237060547,-0.6629079673775103,0.2354513821124504,0.0699996948242187,0.06999969482421875
2010-05-18,30.21999931335449,30.670000076293945,29.209999084472656,29.32999992370605,29.32999992370605,-0.7569343392105083,-1.577178944253077,-0.4699993133544957,-0.46999931335449574
2010-05-19,29.100000381469727,29.780000686645508,28.190000534057617,28.6299991607666,28.6299991607666,-0.7752055325412852,-2.3866374523024536,-0.7000007629394496,-0.7000007629394496
2010-05-20,28.040000915527344,28.049999237060547,26.82999992370605,26.89999961853028,26.89999961853028,-0.7619940542867235,-6.042611222312033,-1.7299995422363246,-1.729999542236321
2010-05-21,26.459999084472656,28.6200008392334,26.059999465942383,28.34000015258789,28.34000015258789,-0.6685298730177494,5.353161912558746,1.4400005340576136,1.44000053405761
2010-05-24,28.38999938964844,28.6299991607666,27.959999084472656,28.170000076293945,28.170000076293945,-0.9250293178536558,-0.5998591227192374,-0.1700000762939453,-0.1700000762939453
2010-05-25,27.40999984741211,27.979999542236328,26.86000061035156,27.920000076293945,27.920000076293945,-0.7511718859292633,-0.8874689361835775,-0.25,-0.25
2010-05-26,28.059999465942383,29.38999938964844,27.920000076293945,28.690000534057617,28.690000534057617,-0.7449877897250003,2.7578812881789982,0.7700004577636719,0.7700004577636719
2010-05-27,29.31999969482422,29.84000015258789,28.93000030517578,29.799999237060547,29.799999237060547,-0.8948115750373709,3.868939290137896,1.1099987030029297,1.1099987030029297
2010-05-28,29.809999465942383,29.959999084472656,29.1200008392334,29.51000022888184,29.51000022888184,-0.5902448369774206,-0.973151059071342,-0.2899990081787074,-0.2899990081787074
2010-06-01,29.190000534057617,29.440000534057617,28.6200008392334,28.65999984741211,28.65999984741211,-0.8267865167904784,-2.880380802700988,-0.8500003814697301,-0.8500003814697301
2010-06-02,28.65999984741211,29.270000457763672,27.84000015258789,29.25,29.25,-0.7847627721296916,2.058618826689096,0.5900001525878906,0.5900001525878906
2010-06-03,29.3799991607666,30.38999938964844,29.290000915527344,30.06999969482422,30.06999969482422,-0.582093073799074,2.8034177600827936,0.8199996948242188,0.8199996948242188
2010-06-04,29.600000381469727,29.600000381469727,27.64999961853028,27.81999969482422,27.81999969482422,-0.6024724817449406,-7.482540814216499,-2.25,-2.25
2010-06-07,27.809999465942383,28.31999969482422,27.39999961853028,27.82999992370605,27.82999992370605,-0.7302302874193729,0.0359461861665355,0.0100002288818323,0.010000228881832385
2010-06-08,27.89999961853028,28.229999542236328,26.57999992370605,27.0,27.0,-0.1955870610326396,-2.982392835003367,-0.8299999237060511,-0.8299999237060511
2010-06-09,27.31999969482422,27.34000015258789,25.71999931335449,26.350000381469727,26.350000381469727,-0.2730288112269325,-2.4074059945565662,-0.6499996185302734,-0.6499996185302734
2010-06-10,27.0,27.39999961853028,26.68000030517578,27.25,27.25,-0.5112570627320621,3.4155582751459246,0.8999996185302734,0.8999996185302734
2010-06-11,27.0,27.420000076293945,26.64999961853028,27.420000076293945,27.420000076293945,-0.6994503540390641,0.6238534909869475,0.1700000762939453,0.1700000762939453
2010-06-14,27.920000076293945,28.56999969482422,27.3799991607666,27.6299991607666,27.6299991607666,-0.7161755233187752,0.7658609915694781,0.2099990844726562,0.20999908447265625
2010-06-15,27.68000030517578,28.18000030517578,26.82999992370605,27.40999984741211,27.40999984741211,-0.6033157675909764,-0.7962335144290567,-0.2199993133544922,-0.2199993133544922
2010-06-16,27.100000381469727,27.809999465942383,26.979999542236328,27.520000457763672,27.520000457763672,-0.8689508090922713,0.4013156182558264,0.1100006103515625,0.1100006103515625
2010-06-17,27.61000061035156,27.61000061035156,26.8700008392334,27.170000076293945,27.170000076293945,-0.7542639340313948,-1.2718036905809305,-0.3500003814697265,-0.35000038146972656
2010-06-18,27.290000915527344,27.75,27.06999969482422,27.18000030517578,27.18000030517578,-0.7757677231053092,0.0368061422663101,0.0100002288818359,0.010000228881835938
2010-06-21,27.5,27.6200008392334,26.280000686645508,26.46999931335449,26.46999931335449,-0.646604441020817,-2.6122184836255835,-0.7100009918212926,-0.7100009918212926
2010-06-22,26.479999542236328,26.799999237060547,25.690000534057617,25.75,25.75,-0.4600977214058867,-2.7200579222955934,-0.7199993133544886,-0.7199993133544886
2010-06-23,25.63999938964844,25.850000381469727,25.25,25.450000762939453,25.450000762939453,-0.5239063504225999,-1.1650455808176583,-0.2999992370605469,-0.2999992370605469
2010-06-24,25.209999084472656,25.25,24.01000022888184,24.01000022888184,24.01000022888184,0.2048331681933863,-5.658155170488466,-1.4400005340576136,-1.4400005340576136
2010-06-25,24.0,25.07999992370605,23.6299991607666,24.739999771118164,24.739999771118164,0.7727861854985358,3.040397897865077,0.7299995422363246,0.7299995422363246
2010-06-28,24.71999931335449,25.11000061035156,24.21999931335449,24.43000030517578,24.43000030517578,-0.6274899618440043,-1.2530293808016957,-0.3099994659423828,-0.3099994659423828
2010-06-29,23.959999084472656,24.13999938964844,23.18000030517578,23.440000534057617,23.440000534057617,-0.6478693697898709,-4.052393609296933,-0.989999771118164,-0.9899997711181641
2010-06-30,23.3700008392334,23.89999961853028,22.96999931335449,23.32999992370605,23.32999992370605,-0.7846222244886856,-0.4692858696472179,-0.110000610351566,-0.11000061035156605
2010-07-01,23.39999961853028,23.43000030517578,21.950000762939453,23.1299991607666,23.1299991607666,-0.2419677825646118,-0.8572685966287796,-0.2000007629394495,-0.20000076293944957
2010-07-02,23.11000061035156,23.34000015258789,22.350000381469727,22.600000381469727,22.600000381469727,-0.8636099987340442,-2.2913912603847675,-0.529998779296875,-0.529998779296875
2010-07-06,22.959999084472656,23.239999771118164,21.5,21.57999992370605,21.57999992370605,-0.6357822726633569,-4.513276285605716,-1.0200004577636754,-1.0200004577636754
2010-07-07,21.56999969482422,22.790000915527344,21.43000030517578,22.729999542236328,22.729999542236328,-0.2920027427627393,5.329006592196417,1.149999618530277,1.149999618530277
2010-07-08,23.14999961853028,23.36000061035156,22.309999465942383,22.549999237060547,22.549999237060547,-0.75862091090258,-0.7919063299640983,-0.1800003051757812,-0.18000030517578125
2010-07-09,22.549999237060547,23.01000022888184,22.440000534057617,23.0,23.0,-0.9327594381089844,1.9955688610396205,0.4500007629394531,0.4500007629394531
2010-07-12,22.86000061035156,23.14999961853028,22.31999969482422,22.8700008392334,22.8700008392334,-0.8404196379680582,-0.5652137424634884,-0.1299991607666015,-0.12999916076660156
2010-07-13,23.15999984741211,23.90999984741211,22.89999961853028,23.68000030517578,23.68000030517578,-0.741755193981863,3.541755296103144,0.8099994659423828,0.8099994659423828
2010-07-14,23.530000686645508,24.190000534057617,23.280000686645508,23.65999984741211,23.65999984741211,-0.805844918280588,-0.0844613914945835,-0.0200004577636718,-0.020000457763671875
2010-07-15,23.690000534057617,23.690000534057617,23.0,23.51000022888184,23.51000022888184,-0.7198297619849306,-0.633979795002737,-0.1499996185302698,-0.14999961853026988
2010-07-16,23.280000686645508,23.280000686645508,21.75,21.799999237060547,21.799999237060547,-0.8442144242752195,-7.273504785936035,-1.7100009918212926,-1.7100009918212926
2010-07-19,21.88999938964844,22.1200008392334,21.5,21.75,21.75,-0.4835691774538848,-0.2293543064696424,-0.0499992370605468,-0.049999237060546875
2010-07-20,21.38999938964844,21.82999992370605,21.25,21.809999465942383,21.809999465942383,-0.5091488481169724,0.2758596135282065,0.0599994659423828,0.05999946594238281
2010-07-21,22.020000457763672,22.18000030517578,21.34000015258789,21.46999931335449,21.46999931335449,-0.7590425538255979,-1.558918665352671,-0.3400001525878942,-0.3400001525878942
2010-07-22,21.81999969482422,22.959999084472656,21.780000686645508,22.850000381469727,22.850000381469727,-0.705493902602321,6.427578538658207,1.380001068115238,1.380001068115238
2010-07-23,22.790000915527344,23.530000686645508,22.40999984741211,23.239999771118164,23.239999771118164,-0.9447059875944924,1.7067806701863697,0.3899993896484375,0.3899993896484375
2010-07-26,23.39999961853028,24.14999961853028,23.18000030517578,24.100000381469727,24.100000381469727,-0.8711995713483669,3.700519013861348,0.8600006103515625,0.8600006103515625
2010-07-27,24.200000762939453,24.43000030517578,23.75,23.799999237060547,23.799999237060547,-0.7861682485397513,-1.244818006890358,-0.3000011444091797,-0.3000011444091797
2010-07-28,23.75,24.049999237060547,23.479999542236328,23.920000076293945,23.920000076293945,-0.3140687224006775,0.5042052230259664,0.1200008392333984,0.12000083923339844
2010-07-29,24.190000534057617,24.940000534057617,24.020000457763672,24.76000022888184,24.76000022888184,-0.4652979841231078,3.511706312327245,0.8400001525878942,0.8400001525878942
2010-07-30,24.36000061035156,25.040000915527344,23.93000030517578,24.81999969482422,24.81999969482422,-0.8432305907881776,0.2423241736177139,0.0599994659423792,0.05999946594237926
2010-08-02,25.14999961853028,25.489999771118164,24.86000061035156,25.059999465942383,25.059999465942383,-0.6863794234255083,0.9669612170390528,0.239999771118164,0.23999977111816406
2010-08-03,24.89999961853028,25.280000686645508,24.26000022888184,24.59000015258789,24.59000015258789,-0.7222190718820323,-1.8754961028360828,-0.4699993133544922,-0.4699993133544922
2010-08-04,22.850000381469727,23.3700008392334,21.43000030517578,23.32999992370605,23.32999992370605,1.9924586141483969,-5.124035059224008,-1.2600002288818395,-1.2600002288818395
2010-08-05,23.09000015258789,23.780000686645508,22.770000457763672,23.690000534057617,23.690000534057617,-0.2194801600036556,1.5430802037241342,0.360000610351566,0.36000061035156605
2010-08-06,23.280000686645508,24.0,23.059999465942383,23.86000061035156,23.86000061035156,-0.4002244263373409,0.7176026697405247,0.1700000762939417,0.17000007629394176
2010-08-09,23.940000534057617,24.020000457763672,23.36000061035156,23.40999984741211,23.40999984741211,-0.4873639637610461,-1.886004825767773,-0.4500007629394496,-0.4500007629394496
2010-08-10,23.07999992370605,23.26000022888184,22.64999961853028,22.8700008392334,22.8700008392334,-0.7947416546411159,-2.306702313961806,-0.5399990081787109,-0.5399990081787109
2010-08-11,22.3799991607666,22.540000915527344,21.86000061035156,21.940000534057617,21.940000534057617,-0.6360633679453689,-4.066463799950415,-0.9300003051757812,-0.9300003051757812
2010-08-12,21.5,21.68000030517578,21.1200008392334,21.559999465942383,21.559999465942383,-0.4227120488982971,-1.7320011798785284,-0.3800010681152344,-0.3800010681152344
2010-08-13,21.440000534057617,21.690000534057617,20.700000762939453,20.739999771118164,20.739999771118164,-0.4095005706437353,-3.803338196364736,-0.8199996948242188,-0.8199996948242188
2010-08-16,20.690000534057617,21.31999969482422,20.549999237060547,21.209999084472656,21.209999084472656,-0.6808980654262753,2.266149076862556,0.4699993133544922,0.4699993133544922
2010-08-17,21.3799991607666,22.280000686645508,21.3700008392334,21.559999465942383,21.559999465942383,-0.4630492218670122,1.6501668862680674,0.3500003814697265,0.35000038146972656
2010-08-18,21.559999465942383,21.75,21.21999931335449,21.39999961853028,21.39999961853028,-0.7552477675184366,-0.7421143384759965,-0.1599998474121058,-0.15999984741210227
2010-08-19,21.38999938964844,21.38999938964844,20.100000381469727,20.270000457763672,20.270000457763672,-0.4107654994127891,-5.280370004250557,-1.1299991607666051,-1.1299991607666087
2010-08-20,20.1299991607666,20.780000686645508,20.11000061035156,20.770000457763672,20.770000457763672,-0.5903853846184266,2.466699500287839,0.5,0.5
2010-08-23,20.8799991607666,21.049999237060547,20.38999938964844,20.450000762939453,20.450000762939453,-0.6210247703577294,-1.5406821751157262,-0.3199996948242187,-0.31999969482421875
2010-08-24,20.209999084472656,20.209999084472656,19.559999465942383,19.68000030517578,19.68000030517578,0.0871947926713843,-3.765283271573794,-0.7700004577636719,-0.7700004577636719
2010-08-25,19.59000015258789,20.200000762939453,19.32999992370605,20.09000015258789,20.09000015258789,-0.3177229610668329,2.0833325256823354,0.4099998474121094,0.4099998474121094
2010-08-26,20.21999931335449,20.36000061035156,19.979999542236328,19.989999771118164,19.989999771118164,-0.6259439377929386,-0.497761974665023,-0.1000003814697265,-0.10000038146972656
2010-08-27,20.229999542236328,20.739999771118164,19.86000061035156,20.700000762939453,20.700000762939453,-0.6076727444621617,3.5517808901984527,0.7100009918212891,0.7100009918212891
2010-08-30,20.600000381469727,20.64999961853028,20.18000030517578,20.26000022888184,20.26000022888184,-0.7303708350603788,-2.12560636637934,-0.4400005340576136,-0.44000053405761363
2010-08-31,20.059999465942383,20.39999961853028,20.0,20.030000686645508,20.030000686645508,-0.7005747351671119,-1.1352395836030316,-0.2299995422363316,-0.22999954223633168
2010-09-01,20.39999961853028,21.5,20.209999084472656,21.450000762939453,21.450000762939453,-0.4873639637610461,7.089366088942239,1.420000076293945,1.4200000762939453
2010-09-02,21.290000915527344,22.530000686645508,21.290000915527344,22.3700008392334,22.3700008392334,-0.688206542758586,4.289044492173111,0.9200000762939452,0.9200000762939453
2010-09-03,22.700000762939453,23.350000381469727,22.40999984741211,23.270000457763672,23.270000457763672,-0.7084454030634466,4.023243561760714,0.8999996185302734,0.8999996185302734
2010-09-07,23.170000076293945,23.229999542236328,22.549999237060547,22.63999938964844,22.63999938964844,-0.6272088665619924,-2.7073530542413016,-0.6300010681152308,-0.6300010681152308
2010-09-08,22.6299991607666,22.93000030517578,22.46999931335449,22.540000915527344,22.540000915527344,-0.8425278525831478,-0.441689385233901,-0.0999984741210973,-0.0999984741210973
2010-09-09,22.89999961853028,22.959999084472656,22.39999961853028,22.479999542236328,22.479999542236328,-0.8726050477584267,-0.2661995157670183,-0.0600013732910156,-0.060001373291015625
2010-09-10,22.61000061035156,22.780000686645508,22.420000076293945,22.64999961853028,22.64999961853028,-0.7448472420839943,0.7562281127921899,0.1700000762939488,0.17000007629395242
2010-09-13,22.790000915527344,23.32999992370605,22.540000915527344,22.8799991607666,22.8799991607666,-0.4686711275072512,1.0154505347018228,0.2299995422363245,0.22999954223632102
2010-09-14,22.86000061035156,23.38999938964844,22.75,23.170000076293945,23.170000076293945,-0.611608078410329,1.267486565404341,0.2900009155273437,0.29000091552734375
2010-09-15,23.020000457763672,23.100000381469727,22.71999931335449,22.950000762939453,22.950000762939453,-0.8019095843324207,-0.9495007018993528,-0.2199993133544922,-0.2199993133544922
2010-09-16,22.89999961853028,23.040000915527344,22.65999984741211,22.959999084472656,22.959999084472656,-0.853209473299602,0.043565669720369,0.0099983215332031,0.009998321533203125
2010-09-17,23.209999084472656,23.309999465942383,22.549999237060547,23.21999931335449,23.21999931335449,0.1306240137422309,1.1324052232112969,0.2600002288818324,0.2600002288818324
2010-09-20,23.239999771118164,24.040000915527344,22.93000030517578,24.020000457763672,24.020000457763672,-0.8369059469429088,3.445310801318935,0.8000011444091832,0.8000011444091832
2010-09-21,24.06999969482422,24.6200008392334,23.89999961853028,24.07999992370605,24.07999992370605,-0.6862388757845024,0.2497896119855625,0.0599994659423792,0.05999946594237926
2010-09-22,23.90999984741211,24.190000534057617,23.540000915527344,24.01000022888184,24.01000022888184,-0.7553883151594426,-0.2906964079983143,-0.0699996948242116,-0.06999969482421164
2010-09-23,23.71999931335449,24.0,22.780000686645508,23.059999465942383,23.059999465942383,-0.5319175659599406,-3.9566878545744144,-0.9500007629394568,-0.9500007629394567
2010-09-24,23.39999961853028,24.32999992370605,23.39999961853028,24.31999969482422,24.31999969482422,-0.8553176879146916,5.464008057514258,1.260000228881836,1.260000228881836
2010-09-27,24.5,24.770000457763672,24.309999465942383,24.729999542236328,24.729999542236328,-0.8659993086311458,1.6858546568952804,0.4099998474121094,0.4099998474121094
2010-09-28,24.739999771118164,24.739999771118164,24.0,24.479999542236328,24.479999542236328,-0.8252404927394127,-1.010917932177979,-0.25,-0.25
2010-09-29,24.32999992370605,24.81999969482422,24.280000686645508,24.670000076293945,24.670000076293945,-0.9220778173925304,0.7761459869711329,0.1900005340576172,0.1900005340576172
2010-09-30,24.68000030517578,24.780000686645508,24.309999465942383,24.56999969482422,24.56999969482422,-0.7365549312646418,-0.4053521733298204,-0.1000003814697265,-0.10000038146972656
2010-10-01,24.8799991607666,24.989999771118164,24.1200008392334,24.440000534057617,24.440000534057617,-0.6537723707121218,-0.5290971199889194,-0.1299991607666015,-0.12999916076660156
2010-10-04,24.39999961853028,24.540000915527344,23.89999961853028,24.270000457763672,24.270000457763672,-0.8564420690427395,-0.695581311698612,-0.1700000762939453,-0.1700000762939453
2010-10-05,24.600000381469727,24.90999984741211,24.36000061035156,24.790000915527344,24.790000915527344,-0.8387330662759864,2.142564680493564,0.5200004577636719,0.5200004577636719
2010-10-06,24.68000030517578,24.68000030517578,24.15999984741211,24.39999961853028,24.39999961853028,-0.7392253364437553,-1.57322017988627,-0.3900012969970667,-0.3900012969970632
2010-10-07,24.61000061035156,24.75,24.170000076293945,24.299999237060547,24.299999237060547,-0.7403497175718031,-0.4098376353817046,-0.1000003814697301,-0.10000038146973367
2010-10-08,24.280000686645508,25.049999237060547,24.200000762939453,24.799999237060547,24.799999237060547,-0.7691619839780283,2.057613233326516,0.5,0.5
2010-10-11,25.01000022888184,26.84000015258789,24.989999771118164,26.299999237060547,26.299999237060547,-0.2083768963641835,6.048387282844892,1.5,1.5
2010-10-12,26.25,27.049999237060547,25.950000762939453,26.88999938964844,26.88999938964844,-0.523484707499582,2.243346652864142,0.5900001525878942,0.5900001525878942
2010-10-13,26.989999771118164,26.989999771118164,26.440000534057617,26.51000022888184,26.51000022888184,-0.7754866278232971,-1.4131616563475502,-0.3799991607666015,-0.37999916076660156
2010-10-14,26.350000381469727,26.350000381469727,25.670000076293945,26.07999992370605,26.07999992370605,-0.741333551058845,-1.6220305600273657,-0.4300003051757883,-0.43000030517578836
2010-10-15,26.3799991607666,26.5,24.56999969482422,24.729999542236328,24.729999542236328,-0.0333950833117432,-5.17638184593171,-1.350000381469723,-1.350000381469723
2010-10-18,24.82999992370605,24.940000534057617,24.6299991607666,24.700000762939453,24.700000762939453,-0.4932669646832971,-0.1213052157386429,-0.029998779296875,-0.029998779296875
2010-10-19,24.36000061035156,24.68000030517578,23.75,24.059999465942383,24.059999465942383,-0.6592537287113549,-2.591098288374738,-0.6400012969970703,-0.6400012969970703
2010-10-20,24.1200008392334,24.43000030517578,24.030000686645508,24.13999938964844,24.13999938964844,-0.8900329552431677,0.3325017684198128,0.0799999237060582,0.07999992370605824
2010-10-21,24.280000686645508,24.729999542236328,23.6299991607666,24.11000061035156,24.11000061035156,-0.6312847481511656,-0.1242700085143599,-0.0299987792968821,-0.029998779296882105
2010-10-22,24.229999542236328,24.479999542236328,24.11000061035156,24.46999931335449,24.46999931335449,-0.8272081597134964,1.4931509493548711,0.3599987030029297,0.3599987030029297
2010-10-25,24.559999465942383,24.790000915527344,24.46999931335449,24.65999984741211,24.65999984741211,-0.8724645001174207,0.7764631769071162,0.1900005340576207,0.19000053405762074
2010-10-26,24.59000015258789,24.809999465942383,24.350000381469727,24.46999931335449,24.46999931335449,-0.8543338544276498,-0.7704806781560491,-0.1900005340576207,-0.19000053405762074
2010-10-27,24.350000381469727,24.350000381469727,23.440000534057617,24.13999938964844,24.13999938964844,-0.8014879414094027,-1.348589836395908,-0.3299999237060476,-0.3299999237060476
2010-10-28,24.309999465942383,24.43000030517578,23.68000030517578,23.920000076293945,23.920000076293945,-0.929386294724841,-0.9113476342871628,-0.2199993133544957,-0.21999931335449574
2010-10-29,23.82999992370605,24.25,23.6299991607666,24.07999992370605,24.07999992370605,-0.9458303687225402,0.6688956810275037,0.1599998474121058,0.15999984741210582
2010-11-01,24.15999984741211,24.25,23.21999931335449,23.36000061035156,23.36000061035156,-0.8308623983796518,-2.9900303805469486,-0.7199993133544922,-0.7199993133544922
2010-11-02,23.709999084472656,24.100000381469727,23.43000030517578,23.950000762939453,23.950000762939453,-0.7500475048012155,2.525685518717169,0.5900001525878942,0.5900001525878942
2010-11-03,24.0,25.06999969482422,23.950000762939453,24.88999938964844,24.88999938964844,-0.5871527888752892,3.924837564780193,0.939998626708988,0.9399986267089879
2010-11-04,22.15999984741211,22.59000015258789,21.34000015258789,21.51000022888184,21.51000022888184,3.758720818670499,-13.579747865210145,-3.3799991607666016,-3.3799991607666016
2010-11-05,21.809999465942383,22.229999542236328,21.299999237060547,21.940000534057617,21.940000534057617,0.7219079394543725,1.9990715973978057,0.4300003051757777,0.4300003051757777
2010-11-08,21.90999984741211,21.989999771118164,21.559999465942383,21.780000686645508,21.780000686645508,-0.3615738250606974,-0.7292609093775604,-0.1599998474121093,-0.15999984741210938
2010-11-09,21.809999465942383,22.0,21.709999084472656,21.8799991607666,21.8799991607666,-0.2447787353847313,0.4591298024265278,0.0999984741210937,0.09999847412109375
2010-11-10,21.88999938964844,22.209999084472656,21.780000686645508,22.1200008392334,22.1200008392334,-0.6740112310169825,1.0968998522502105,0.2400016784667968,0.24000167846679688
2010-11-11,21.89999961853028,22.32999992370605,21.799999237060547,22.06999969482422,22.06999969482422,-0.7927739876670322,-0.2260449480657067,-0.0500011444091796,-0.05000114440917969
2010-11-12,21.84000015258789,22.18000030517578,21.809999465942383,21.82999992370605,21.82999992370605,-0.6572860617372712,-1.0874480037915468,-0.2399997711181676,-0.23999977111816762
2010-11-15,22.0,22.01000022888184,21.420000076293945,21.6200008392334,21.6200008392334,-0.7487825760321617,-0.961974737547322,-0.2099990844726527,-0.2099990844726527
2010-11-16,21.459999084472656,21.809999465942383,21.09000015258789,21.190000534057617,21.190000534057617,-0.3382429166537054,-1.9889005017773576,-0.4300003051757812,-0.43000030517578125
2010-11-17,21.280000686645508,21.600000381469727,21.209999084472656,21.57999992370605,21.57999992370605,-0.7448472420839943,1.840487870784191,0.3899993896484339,0.38999938964843395
2010-11-18,21.81999969482422,22.43000030517578,21.81999969482422,22.190000534057617,22.190000534057617,-0.6901742097326696,2.826694219222259,0.610000610351566,0.610000610351566
2010-11-19,21.739999771118164,22.14999961853028,21.739999771118164,21.90999984741211,21.90999984741211,-0.8480092105823809,-1.261832717019351,-0.2800006866455078,-0.2800006866455078
2010-11-22,21.790000915527344,22.270000457763672,21.559999465942383,22.270000457763672,22.270000457763672,-0.6953744724498908,1.643088146320015,0.3600006103515625,0.3600006103515625
2010-11-23,21.950000762939453,22.600000381469727,21.850000381469727,22.559999465942383,22.559999465942383,-0.6248195566648908,1.3021957890333669,0.2899990081787109,0.28999900817871094
2010-11-24,22.690000534057617,23.6299991607666,22.6200008392334,23.6200008392334,23.6200008392334,-0.6446367740467334,4.698587758795125,1.0600013732910156,1.0600013732910156
2010-11-26,23.40999984741211,23.780000686645508,23.290000915527344,23.420000076293945,23.420000076293945,-0.9217967221105184,-0.8467432507760386,-0.2000007629394531,-0.20000076293945312
2010-11-29,23.270000457763672,23.520000457763672,22.71999931335449,23.21999931335449,23.21999931335449,-0.5146302061162055,-0.8539742198459654,-0.2000007629394566,-0.20000076293945668
2010-11-30,22.950000762939453,23.600000381469727,22.6299991607666,23.540000915527344,23.540000915527344,-0.5433019248814246,1.3781292490771646,0.3200016021728551,0.3200016021728551
2010-12-01,23.8799991607666,24.270000457763672,23.57999992370605,24.190000534057617,24.190000534057617,-0.4828664392488548,2.7612557062456355,0.6499996185302734,0.6499996185302734
2010-12-02,24.170000076293945,25.049999237060547,24.059999465942383,24.780000686645508,24.780000686645508,-0.335010320910568,2.439024967185177,0.5900001525878906,0.5900001525878906
2010-12-03,24.6200008392334,25.190000534057617,24.479999542236328,25.07999992370605,25.07999992370605,-0.4155441192069923,1.210650640628197,0.2999992370605433,0.2999992370605433
2010-12-06,25.020000457763672,25.96999931335449,25.01000022888184,25.8799991607666,25.8799991607666,-0.5215170405254983,3.1897896311569696,0.7999992370605504,0.7999992370605504
2010-12-07,26.059999465942383,26.100000381469727,25.18000030517578,25.25,25.25,-0.2882079564555779,-2.4343090463529227,-0.6299991607666016,-0.6299991607666016
2010-12-08,25.299999237060547,25.450000762939453,24.0,24.200000762939453,24.200000762939453,0.2277424336773604,-4.158412820041768,-1.0499992370605469,-1.0499992370605469
2010-12-09,24.3700008392334,24.479999542236328,23.739999771118164,23.989999771118164,23.989999771118164,-0.6432312976366736,-0.8677726661186269,-0.210000991821289,-0.21000099182128906
2010-12-10,23.989999771118164,23.989999771118164,23.229999542236328,23.520000457763672,23.520000457763672,-0.4946724410933569,-1.9591468021618264,-0.4699993133544922,-0.4699993133544922
2010-12-13,23.57999992370605,23.670000076293945,23.020000457763672,23.030000686645508,23.030000686645508,-0.7558099580824605,-2.083332319648923,-0.489999771118164,-0.48999977111816406
2010-12-14,23.030000686645508,23.239999771118164,22.82999992370605,23.209999084472656,23.209999084472656,-0.370287778803068,0.7815822512394766,0.1799983978271484,0.17999839782714844
2010-12-15,23.1200008392334,24.14999961853028,23.1200008392334,23.850000381469727,23.850000381469727,-0.5933368850795521,2.757437838182541,0.6400012969970703,0.6400012969970703
2010-12-16,23.8700008392334,24.31999969482422,23.799999237060547,24.170000076293945,24.170000076293945,-0.8158238007920123,1.3417177765449484,0.3199996948242187,0.31999969482421875
2010-12-17,24.26000022888184,24.39999961853028,24.07999992370605,24.3700008392334,24.3700008392334,-0.74709600434009,0.8274752267610319,0.2000007629394531,0.20000076293945312
2010-12-20,24.3700008392334,24.59000015258789,24.350000381469727,24.3700008392334,24.3700008392334,-0.8959359561654188,0.0,0.0,0.0
2010-12-21,24.520000457763672,25.1299991607666,24.520000457763672,24.75,24.75,-0.6776654696831378,1.5592907167850445,0.3799991607666015,0.37999916076660156
2010-12-22,24.82999992370605,24.82999992370605,24.350000381469727,24.3799991607666,24.3799991607666,-0.988837946870369,-1.4949528857915118,-0.3700008392333984,-0.37000083923339844
2010-12-23,24.39999961853028,24.670000076293945,24.14999961853028,24.530000686645508,24.530000686645508,-0.97169113466764,0.6152646884430402,0.1500015258789062,0.15000152587890625
2010-12-27,24.43000030517578,24.51000022888184,24.200000762939453,24.39999961853028,24.39999961853028,-0.8092180616647314,-0.5299676497196537,-0.1300010681152308,-0.13000106811522727
2010-12-28,24.14999961853028,24.549999237060547,24.14999961853028,24.440000534057617,24.440000534057617,-0.7261544058301995,0.1639381809537488,0.0400009155273402,0.040000915527336645
2010-12-29,24.51000022888184,25.040000915527344,24.450000762939453,24.57999992370605,24.57999992370605,-0.6648756343515939,0.572828914031076,0.1399993896484339,0.13999938964843395
2010-12-30,24.530000686645508,24.940000534057617,24.46999931335449,24.82999992370605,24.82999992370605,-0.9130827683681478,1.0170870658094966,0.25,0.25
2010-12-31,24.84000015258789,25.06999969482422,24.700000762939453,24.90999984741211,24.90999984741211,-0.8312840413026698,0.322190591831939,0.0799999237060582,0.07999992370605824
2011-01-03,25.549999237060547,25.709999084472656,25.01000022888184,25.06999969482422,25.06999969482422,-0.5040891330407573,0.6423117157454916,0.1599998474121093,0.15999984741210938
2011-01-04,25.049999237060547,25.280000686645508,24.32999992370605,24.3700008392334,24.3700008392334,-0.717440452087829,-2.79217735983992,-0.6999988555908203,-0.6999988555908203
2011-01-05,25.06999969482422,26.84000015258789,25.06999969482422,26.01000022888184,26.01000022888184,0.9969596729030678,6.729582819743674,1.639999389648441,1.639999389648441
2011-01-06,26.09000015258789,26.170000076293945,25.520000457763672,25.6200008392334,25.6200008392334,-0.7267165963942235,-1.4994209389332491,-0.389999389648441,-0.38999938964844105
2011-01-07,25.71999931335449,25.89999961853028,25.229999542236328,25.65999984741211,25.65999984741211,-0.8908762410892036,0.1561241485888542,0.0399990081787109,0.03999900817871094
2011-01-10,25.600000381469727,25.979999542236328,25.450000762939453,25.75,25.75,-0.970566753539592,0.3507410488039042,0.0900001525878906,0.09000015258789062
2011-01-11,25.950000762939453,26.21999931335449,25.770000457763672,26.07999992370605,26.07999992370605,-0.9255915084176796,1.2815531017710713,0.3299999237060511,0.32999992370605113
2011-01-12,26.25,26.920000076293945,26.209999084472656,26.530000686645508,26.530000686645508,-0.8052827277165641,1.7254630531283732,0.4500007629394567,0.4500007629394567
2011-01-13,26.56999969482422,26.6299991607666,26.239999771118164,26.3799991607666,26.3799991607666,-0.9663503243094128,-0.5654033999117569,-0.1500015258789062,-0.15000152587890625
2011-01-14,26.450000762939453,26.75,26.13999938964844,26.729999542236328,26.729999542236328,-0.8175103724840841,1.326764187279661,0.3500003814697265,0.35000038146972656
2011-01-18,26.76000022888184,26.76000022888184,26.36000061035156,26.709999084472656,26.709999084472656,-0.946814202209582,-0.0748240108723874,-0.0200004577636718,-0.020000457763671875
2011-01-19,26.770000457763672,26.770000457763672,25.600000381469727,25.790000915527344,25.790000915527344,-0.8384519709939745,-3.444396108123182,-0.9199981689453124,-0.9199981689453125
2011-01-20,25.63999938964844,26.209999084472656,25.63999938964844,25.86000061035156,25.86000061035156,-0.923342746161584,0.271421839237207,0.0699996948242152,0.0699996948242152
2011-01-21,26.030000686645508,26.26000022888184,25.979999542236328,26.11000061035156,26.11000061035156,-0.9022606000106876,0.9667439833699332,0.25,0.25
2011-01-24,26.13999938964844,26.26000022888184,25.850000381469727,25.979999542236328,25.979999542236328,-0.0260866059794324,-0.4978976065733609,-0.1300010681152308,-0.13000106811523082
2011-01-25,25.8700008392334,26.31999969482422,25.729999542236328,26.280000686645508,26.280000686645508,-0.6633296103005282,1.1547388363939648,0.3000011444091797,0.3000011444091797
2011-01-26,26.440000534057617,27.350000381469727,26.309999465942383,27.290000915527344,27.290000915527344,-0.7760488183873211,3.843227558951634,1.010000228881836,1.010000228881836
2011-01-27,27.25,28.239999771118164,27.190000534057617,28.190000534057617,28.190000534057617,-0.7441445038789645,3.297909814353273,0.8999996185302734,0.8999996185302734
2011-01-28,28.100000381469727,28.1200008392334,27.59000015258789,27.670000076293945,27.670000076293945,-0.5915097657464744,-1.8446273427183413,-0.5200004577636719,-0.5200004577636719
2011-01-31,27.75,28.229999542236328,27.57999992370605,27.940000534057617,27.940000534057617,-0.7327601449574804,0.9757877015511562,0.2700004577636719,0.2700004577636719
2011-02-01,28.13999938964844,28.89999961853028,28.13999938964844,28.57999992370605,28.57999992370605,-0.5749251441077693,2.290620534771648,0.639999389648434,0.639999389648434
2011-02-02,28.530000686645508,28.56999969482422,27.38999938964844,27.5,27.5,-0.8335328035587654,-3.778866083236865,-1.0799999237060511,-1.0799999237060511
2011-02-03,27.420000076293945,27.770000457763672,27.13999938964844,27.739999771118164,27.739999771118164,-0.7749244372592733,0.8727264404296831,0.239999771118164,0.23999977111816406
2011-02-04,27.700000762939453,27.96999931335449,27.450000762939453,27.64999961853028,27.64999961853028,-0.9962869718436856,-0.3244417928279564,-0.090000152587887,-0.09000015258788352
2011-02-07,27.739999771118164,28.11000061035156,27.729999542236328,27.90999984741211,27.90999984741211,-0.9410517489283372,0.9403263380430182,0.2600002288818324,0.26000022888182883
2011-02-08,27.84000015258789,27.950000762939453,27.559999465942383,27.88999938964844,27.88999938964844,-0.8935466462683171,-0.0716605441526851,-0.0200004577636683,-0.020000457763668322
2011-02-09,27.76000022888184,28.06999969482422,27.61000061035156,28.01000022888184,28.01000022888184,-0.8803351680137553,0.4302647610596066,0.1200008392333984,0.12000083923339844
2011-02-10,27.920000076293945,28.18000030517578,27.64999961853028,27.75,27.75,-0.92418603200762,-0.9282407238745628,-0.2600002288818395,-0.2600002288818395
2011-02-11,27.68000030517578,28.350000381469727,27.6200008392334,28.31999969482422,28.31999969482422,-0.9508900837987554,2.054052954321506,0.5699996948242188,0.5699996948242188
2011-02-14,28.420000076293945,28.51000022888184,28.200000762939453,28.280000686645508,28.280000686645508,-1.0388729070684963,-0.1412394371812841,-0.0399990081787109,-0.03999900817871094
2011-02-15,28.209999084472656,28.51000022888184,28.13999938964844,28.14999961853028,28.14999961853028,-0.9462520116455582,-0.4596925917919825,-0.1300010681152308,-0.13000106811522727
2011-02-16,28.190000534057617,28.39999961853028,28.01000022888184,28.13999938964844,28.13999938964844,-0.9217967221105184,-0.0355247922463664,-0.0100002288818359,-0.01000022888183949
2011-02-17,28.040000915527344,28.959999084472656,28.020000457763672,28.729999542236328,28.729999542236328,-0.8682480708872414,2.0966601470678192,0.5900001525878871,0.5900001525878871
2011-02-18,28.75,28.81999969482422,28.520000457763672,28.65999984741211,28.65999984741211,-0.9105529108300402,-0.2436466966221573,-0.0699996948242187,-0.06999969482421875
2011-02-22,28.43000030517578,28.75,27.26000022888184,27.34000015258789,27.34000015258789,-0.6284737953310462,-4.605721220697811,-1.3199996948242188,-1.3199996948242188
2011-02-23,25.93000030517578,25.93000030517578,24.25,24.440000534057617,24.440000534057617,1.1646330086231973,-10.607167528694294,-2.899999618530273,-2.8999996185302734
2011-02-24,24.43000030517578,24.440000534057617,23.780000686645508,23.950000762939453,23.950000762939453,0.1109473440013942,-2.00490900331749,-0.489999771118164,-0.48999977111816406
2011-02-25,23.959999084472656,24.18000030517578,23.520000457763672,23.770000457763672,23.770000457763672,-0.5187060877053787,-0.7515670122830054,-0.1800003051757812,-0.18000030517578125
2011-02-28,23.75,24.06999969482422,23.200000762939453,23.280000686645508,23.280000686645508,-0.4378911941269425,-2.0614209578532883,-0.489999771118164,-0.48999977111816406
2011-03-01,23.51000022888184,23.86000061035156,22.790000915527344,22.809999465942383,22.809999465942383,-0.4841313680179087,-2.018905527664949,-0.470001220703125,-0.470001220703125
2011-03-02,22.76000022888184,23.190000534057617,22.59000015258789,22.96999931335449,22.96999931335449,-0.7199703096259366,0.7014460813600687,0.1599998474121058,0.15999984741210582
2011-03-03,23.1200008392334,23.489999771118164,23.040000915527344,23.489999771118164,23.489999771118164,-0.65278853722508,2.2638244375625893,0.5200004577636754,0.5200004577636754
2011-03-04,23.520000457763672,23.8799991607666,23.270000457763672,23.559999465942383,23.559999465942383,-0.81765092012509,0.2979978523043103,0.0699996948242187,0.06999969482421875
2011-03-07,23.63999938964844,23.709999084472656,22.64999961853028,22.76000022888184,22.76000022888184,-0.5336041376520123,-3.395582577227973,-0.7999992370605433,-0.7999992370605433
2011-03-08,22.75,23.530000686645508,22.600000381469727,23.489999771118164,23.489999771118164,-0.635079534458327,3.207379327307636,0.7299995422363246,0.7299995422363246
2011-03-09,23.39999961853028,23.670000076293945,23.239999771118164,23.43000030517578,23.43000030517578,-0.8637505463750502,-0.2554255705704777,-0.0599994659423828,-0.05999946594238281
2011-03-10,23.1200008392334,23.540000915527344,22.81999969482422,23.420000076293945,23.420000076293945,-0.6255222948699206,-0.0426813006896398,-0.0100002288818359,-0.010000228881835938
2011-03-11,23.420000076293945,23.559999465942383,23.049999237060547,23.38999938964844,23.38999938964844,-0.6964988535779386,-0.1280985762074027,-0.0300006866455042,-0.03000068664550426
2011-03-14,23.059999465942383,24.36000061035156,22.270000457763672,24.25,24.25,-0.4952346316573808,3.67678765623296,0.860000610351559,0.860000610351559
2011-03-15,23.6200008392334,24.56999969482422,22.64999961853028,24.520000457763672,24.520000457763672,-0.4480106242793727,1.1134039495409145,0.2700004577636719,0.2700004577636719
2011-03-16,24.40999984741211,25.09000015258789,24.13999938964844,24.51000022888184,24.51000022888184,-0.2970624578389544,-0.040783966945912,-0.0100002288818323,-0.010000228881832385
2011-03-17,24.8700008392334,24.8700008392334,23.59000015258789,23.8799991607666,23.8799991607666,-0.5449884965734964,-2.5703837708367816,-0.6300010681152379,-0.6300010681152379
2011-03-18,24.06999969482422,24.36000061035156,23.459999084472656,23.6299991607666,23.6299991607666,1.6332188437371216,-1.0469012093213714,-0.25,-0.25
2011-03-21,23.799999237060547,23.940000534057617,23.40999984741211,23.690000534057617,23.690000534057617,-0.658410442865319,0.25392033610665,0.0600013732910156,0.060001373291015625
2011-03-22,23.75,24.38999938964844,23.520000457763672,23.790000915527344,23.790000915527344,-0.6092187685132274,0.4221206383088205,0.1000003814697265,0.10000038146972656
2011-03-23,23.690000534057617,24.90999984741211,23.530000686645508,24.799999237060547,24.799999237060547,-0.4886288925300999,4.245474075934119,1.0099983215332031,1.0099983215332031
2011-03-24,24.989999771118164,25.0,24.290000915527344,24.540000915527344,24.540000915527344,-0.805985465921594,-1.048380361014967,-0.2599983215332031,-0.2599983215332031
2011-03-25,24.5,25.0,24.290000915527344,24.88999938964844,24.88999938964844,-0.8682480708872414,1.426236597650821,0.3499984741210973,0.3499984741210973
2011-03-28,24.90999984741211,25.0,24.39999961853028,24.780000686645508,24.780000686645508,-0.7969904168972115,-0.4419393559675244,-0.1099987030029332,-0.10999870300293324
2011-03-29,24.76000022888184,25.280000686645508,24.64999961853028,24.89999961853028,24.89999961853028,-0.8912978840122215,0.4842571773996829,0.1199989318847691,0.11999893188477273
2011-03-30,25.0,25.06999969482422,24.780000686645508,25.0,25.0,-0.8617828794009665,0.4016079638623937,0.100000381469723,0.10000038146971946
2011-03-31,24.989999771118164,25.13999938964844,24.549999237060547,24.989999771118164,24.989999771118164,-0.8336733511997713,-0.0400009155273384,-0.0100002288818359,-0.010000228881835938
2011-04-01,25.11000061035156,25.14999961853028,24.38999938964844,24.690000534057617,24.690000534057617,-0.8991685519085562,-1.2004771500929268,-0.2999992370605469,-0.2999992370605469
2011-04-04,24.799999237060547,24.799999237060547,24.040000915527344,24.3799991607666,24.3799991607666,-0.9080230532919328,-1.2555745912738892,-0.3100013732910156,-0.3100013732910156
2011-04-05,24.270000457763672,24.75,24.209999084472656,24.350000381469727,24.350000381469727,-0.7931956305900502,-0.1230466789562068,-0.029998779296875,-0.029998779296875
2011-04-06,24.479999542236328,24.84000015258789,24.40999984741211,24.76000022888184,24.76000022888184,-0.870496833143337,1.6837775810637057,0.4099998474121129,0.4099998474121129
2011-04-07,24.81999969482422,25.1200008392334,24.68000030517578,24.709999084472656,24.709999084472656,-0.9312134140579188,-0.2019432308036028,-0.0500011444091832,-0.05000114440918324
2011-04-08,24.739999771118164,24.739999771118164,24.200000762939453,24.280000686645508,24.280000686645508,-0.9278402706737752,-1.7401797400201091,-0.4299983978271484,-0.42999839782714844
2011-04-11,24.239999771118164,24.39999961853028,23.700000762939453,23.89999961853028,23.89999961853028,-0.8638910940160561,-1.5650784899863712,-0.3800010681152308,-0.38000106811522727
2011-04-12,23.770000457763672,23.8799991607666,23.350000381469727,23.3700008392334,23.3700008392334,-0.5719736436466437,-2.217568149607652,-0.5299987792968786,-0.5299987792968821
2011-04-13,23.51000022888184,23.520000457763672,22.89999961853028,23.170000076293945,23.170000076293945,-0.4199010960781775,-0.8558012655424996,-0.2000007629394531,-0.20000076293945312
2011-04-14,23.0,23.0,22.15999984741211,22.39999961853028,22.39999961853028,-0.0794947095617033,-3.323264804610349,-0.7700004577636683,-0.7700004577636648
2011-04-15,23.06999969482422,24.100000381469727,22.739999771118164,23.93000030517578,23.93000030517578,0.9692717876248904,6.830360324559193,1.5300006866455045,1.5300006866455007
2011-04-18,23.559999465942383,24.01000022888184,23.520000457763672,23.799999237060547,23.799999237060547,-0.6811791607082872,-0.5432556057557436,-0.1300010681152343,-0.13000106811523438
2011-04-19,23.850000381469727,24.229999542236328,23.65999984741211,23.809999465942383,23.809999465942383,-0.7961471310511756,0.042017769758007,0.0100002288818359,0.010000228881835938
2011-04-20,22.989999771118164,24.21999931335449,22.96999931335449,24.030000686645508,24.030000686645508,-0.2102040156972612,0.9239866679451758,0.220001220703125,0.220001220703125
2011-04-21,24.170000076293945,24.170000076293945,23.75,24.059999465942383,24.059999465942383,-0.8437927813522016,0.1248388615883167,0.029998779296875,0.029998779296875
2011-04-25,23.940000534057617,24.040000915527344,23.38999938964844,23.76000022888184,23.76000022888184,-0.6749950645040242,-1.2468796497073995,-0.2999992370605433,-0.2999992370605433
2011-04-26,23.799999237060547,24.059999465942383,23.350000381469727,23.82999992370605,23.82999992370605,-0.6227113420498012,0.2946115073648947,0.0699996948242116,0.06999969482421164
2011-04-27,23.940000534057617,25.170000076293945,23.479999542236328,24.46999931335449,24.46999931335449,0.2041304299883564,2.685687753661159,0.6399993896484375,0.6399993896484375
2011-04-28,24.3700008392334,25.09000015258789,24.270000457763672,25.059999465942383,25.059999465942383,-0.4179334291040939,2.4111163430474702,0.5900001525878942,0.5900001525878942
2011-04-29,25.1200008392334,25.959999084472656,24.96999931335449,25.950000762939453,25.950000762939453,-0.4688116751482573,3.551481707757498,0.8900012969970703,0.8900012969970703
2011-05-02,25.959999084472656,26.209999084472656,25.75,26.040000915527344,26.040000915527344,0.0169209721683962,0.3468213870591707,0.0900001525878906,0.09000015258789062
2011-05-03,26.0,26.0,25.57999992370605,25.690000534057617,25.690000534057617,-0.7625562448507474,-1.3440874391867808,-0.3500003814697265,-0.35000038146972656
2011-05-04,25.739999771118164,25.739999771118164,25.0,25.309999465942383,25.309999465942383,-0.8665614991951697,-1.479178903135725,-0.3800010681152344,-0.3800010681152344
2011-05-05,25.1200008392334,25.6200008392334,25.0,25.3799991607666,25.3799991607666,-0.7542639340313948,0.2765693255679879,0.0699996948242187,0.06999969482421875
2011-05-06,25.530000686645508,25.989999771118164,25.38999938964844,25.489999771118164,25.489999771118164,-0.3237665096300899,0.4334145547238766,0.1100006103515625,0.1100006103515625
2011-05-09,25.5,26.049999237060547,25.270000457763672,25.8799991607666,25.8799991607666,-0.8721834048354088,1.530009388585141,0.3899993896484375,0.3899993896484375
2011-05-10,25.93000030517578,26.270000457763672,25.770000457763672,26.209999084472656,26.209999084472656,-0.8793513345267135,1.275115666179483,0.3299999237060547,0.3299999237060547
2011-05-11,26.1200008392334,26.459999084472656,25.600000381469727,26.290000915527344,26.290000915527344,-0.3140687224006775,0.3052340093444794,0.0800018310546875,0.0800018310546875
2011-05-12,26.350000381469727,26.600000381469727,26.100000381469727,26.43000030517578,26.43000030517578,-0.7049317120382972,0.5325195312783304,0.1399993896484375,0.1399993896484375
2011-05-13,26.530000686645508,26.700000762939453,26.170000076293945,26.270000457763672,26.270000457763672,-0.7219379766000202,-0.605372098239354,-0.1599998474121093,-0.15999984741210938
2011-05-16,26.239999771118164,26.489999771118164,25.51000022888184,25.520000457763672,25.520000457763672,-0.4432320044851696,-2.854967593951263,-0.75,-0.75
2011-05-17,25.520000457763672,25.950000762939453,25.5,25.56999969482422,25.56999969482422,-0.8107640857157972,0.1959217718012773,0.0499992370605468,0.049999237060546875
2011-05-18,25.71999931335449,26.280000686645508,25.600000381469727,26.15999984741211,26.15999984741211,-0.8037367036654984,2.307392098668326,0.5900001525878906,0.5900001525878906
2011-05-19,26.3700008392334,26.3700008392334,25.86000061035156,26.1200008392334,26.1200008392334,-0.8676858803232175,-0.1529014083028301,-0.0399990081787109,-0.03999900817871094
2011-05-20,26.030000686645508,26.309999465942383,25.799999237060547,25.920000076293945,25.920000076293945,-0.8650154751441039,-0.7656996803730665,-0.2000007629394531,-0.20000076293945312
2011-05-23,25.6299991607666,26.239999771118164,25.6299991607666,25.88999938964844,25.88999938964844,-0.4766823430445919,-0.1157433894953707,-0.0300006866455042,-0.03000068664550426
2011-05-24,26.040000915527344,26.040000915527344,25.530000686645508,25.6299991607666,25.6299991607666,-0.8326895177127295,-1.0042496524190536,-0.2600002288818395,-0.2600002288818395
2011-05-25,25.64999961853028,26.34000015258789,25.61000061035156,26.26000022888184,26.26000022888184,-0.6385932254834764,2.458061212423357,0.6300010681152379,0.6300010681152379
2011-05-26,26.200000762939453,26.520000457763672,25.920000076293945,25.979999542236328,25.979999542236328,-0.2728882635859265,-1.066263077703844,-0.2800006866455113,-0.28000068664551137
2011-05-27,26.11000061035156,26.280000686645508,25.940000534057617,26.229999542236328,26.229999542236328,-0.7002936398851,0.9622786928597415,0.25,0.25
2011-05-31,26.530000686645508,27.0,26.479999542236328,26.96999931335449,26.96999931335449,-0.5288255178578091,2.8211962791939493,0.7399997711181605,0.7399997711181605
2011-06-01,26.850000381469727,26.90999984741211,26.229999542236328,26.299999237060547,26.299999237060547,-0.4537730775606178,-2.4842420962249867,-0.6700000762939418,-0.6700000762939418
2011-06-02,26.31999969482422,26.3700008392334,25.51000022888184,25.549999237060547,25.549999237060547,-0.6331118674842433,-2.8517111093415592,-0.75,-0.75
2011-06-03,25.280000686645508,25.43000030517578,24.700000762939453,24.729999542236328,24.729999542236328,-0.6554589424041936,-3.209392247788412,-0.8199996948242188,-0.8199996948242188
2011-06-06,24.65999984741211,24.81999969482422,23.950000762939453,24.049999237060547,24.049999237060547,-0.293970409736823,-2.7496980095547907,-0.6800003051757812,-0.6800003051757812
2011-06-07,24.21999931335449,24.51000022888184,23.780000686645508,23.799999237060547,23.799999237060547,-0.8079531328956777,-1.0395010724771891,-0.25,-0.25
2011-06-08,23.770000457763672,23.8799991607666,23.309999465942383,23.31999969482422,23.31999969482422,-0.6603781098394027,-2.0168048639635616,-0.4799995422363281,-0.4799995422363281
2011-06-09,23.43000030517578,23.8799991607666,23.290000915527344,23.309999465942383,23.309999465942383,-0.588277170003337,-0.0428826286994143,-0.0100002288818359,-0.010000228881835938
2011-06-10,23.290000915527344,23.36000061035156,22.40999984741211,22.600000381469727,22.600000381469727,-0.5247496362686358,-3.045899188071699,-0.7099990844726562,-0.7099990844726562
2011-06-13,22.65999984741211,23.26000022888184,22.65999984741211,23.07999992370605,23.07999992370605,-0.7269976916762354,2.1238917439571736,0.4799995422363246,0.4799995422363246
2011-06-14,23.299999237060547,23.8799991607666,23.200000762939453,23.81999969482422,23.81999969482422,-0.6676865871717135,3.206238187020505,0.7399997711181676,0.7399997711181676
2011-06-15,23.59000015258789,23.90999984741211,23.450000762939453,23.559999465942383,23.559999465942383,-0.5916503133874804,-1.0915207061834242,-0.2600002288818359,-0.26000022888183594
2011-06-16,23.59000015258789,23.920000076293945,23.1200008392334,23.459999084472656,23.459999084472656,-0.8031745131014745,-0.4244498460803658,-0.1000003814697265,-0.10000038146972656
2011-06-17,23.63999938964844,24.020000457763672,23.40999984741211,23.43000030517578,23.43000030517578,-0.464314150636066,-0.1278720395037402,-0.029998779296875,-0.029998779296875
2011-06-20,23.450000762939453,23.8700008392334,23.309999465942383,23.809999465942383,23.809999465942383,-0.7756271754643032,1.6218487230777343,0.3799991607666015,0.37999916076660156
2011-06-21,24.030000686645508,24.709999084472656,24.030000686645508,24.489999771118164,24.489999771118164,-0.7278409775222713,2.855944226913776,0.6800003051757812,0.6800003051757812
2011-06-22,24.3799991607666,24.700000762939453,24.18000030517578,24.3799991607666,24.3799991607666,-0.7365549312646418,-0.4491654200882822,-0.1100006103515625,-0.1100006103515625
2011-06-23,24.790000915527344,25.739999771118164,24.57999992370605,25.71999931335449,25.71999931335449,-0.2093607298512253,5.496309264621613,1.340000152587887,1.340000152587887
2011-06-24,25.709999084472656,25.979999542236328,25.420000076293945,25.75,25.75,-0.5572161413410163,0.1166434193096366,0.0300006866455113,0.030000686645511365
2011-06-27,25.68000030517578,26.059999465942383,25.530000686645508,25.850000381469727,25.850000381469727,-0.7899630348469128,0.3883509959989428,0.1000003814697265,0.10000038146972656
2011-06-28,25.8799991607666,25.90999984741211,25.709999084472656,25.850000381469727,25.850000381469727,-0.8804757156547613,0.0,0.0,0.0
2011-06-29,25.950000762939453,26.0,25.459999084472656,25.6200008392334,25.6200008392334,-0.8555987831967036,-0.8897467653470548,-0.2299995422363281,-0.22999954223632812
2011-06-30,25.68000030517578,25.86000061035156,25.25,25.39999961853028,25.39999961853028,-0.5330419470879884,-0.8587088739131499,-0.2200012207031214,-0.2200012207031179
2011-07-01,25.549999237060547,26.100000381469727,25.39999961853028,26.059999465942383,26.059999465942383,-0.6873632569125502,2.598424635135066,0.6599998474121058,0.6599998474121023
2011-07-05,26.030000686645508,26.030000686645508,25.520000457763672,25.770000457763672,25.770000457763672,-0.7954443928461458,-1.1128127940206125,-0.2899990081787109,-0.28999900817871094
2011-07-06,25.799999237060547,25.920000076293945,25.440000534057617,25.63999938964844,25.63999938964844,-0.8501174251974705,-0.5044666891966032,-0.1300010681152308,-0.13000106811523082
2011-07-08,18.5,18.8799991607666,18.420000076293945,18.600000381469727,18.600000381469727,3.031948967028596,-27.457095069280516,-7.0399990081787145,-7.0399990081787145
2011-07-11,18.6299991607666,18.739999771118164,17.84000015258789,17.959999084472656,17.959999084472656,0.7465037766304183,-3.440867117587121,-0.6400012969970703,-0.6400012969970703
2011-07-12,17.989999771118164,18.100000381469727,17.649999618530273,17.799999237060547,17.799999237060547,0.4101732717031174,-0.8908677926962594,-0.1599998474121093,-0.15999984741210938
2011-07-13,18.010000228881836,18.32999992370605,17.639999389648438,17.729999542236328,17.729999542236328,0.3619654308380676,-0.3932567293512878,-0.0699996948242187,-0.06999969482421875
2011-07-14,17.81999969482422,17.93000030517578,17.389999389648438,17.489999771118164,17.489999771118164,0.5502992697860757,-1.3536366458805515,-0.239999771118164,-0.23999977111816406
2011-07-15,17.600000381469727,17.760000228881836,17.18000030517578,17.229999542236328,17.229999542236328,0.283399299515727,-1.4865650788125406,-0.2600002288818359,-0.26000022888183594
2011-07-18,17.25,17.290000915527344,16.780000686645508,17.020000457763672,17.020000457763672,-0.5669139285704285,-1.2187991297265,-0.2099990844726562,-0.20999908447265625
2011-07-19,17.200000762939453,17.43000030517578,16.829999923706055,17.040000915527344,17.040000915527344,-0.2911594569167034,0.1175114995637383,0.0200004577636718,0.020000457763671875
2011-07-20,17.149999618530273,17.200000762939453,16.719999313354492,16.75,16.75,-0.3295289629113349,-1.7018832156463493,-0.2900009155273437,-0.29000091552734375
2011-07-21,16.8799991607666,17.239999771118164,16.8799991607666,17.100000381469727,17.100000381469727,-0.2158259213375002,2.08955451623718,0.3500003814697265,0.35000038146972656
2011-07-22,17.239999771118164,17.299999237060547,16.90999984741211,16.920000076293945,16.920000076293945,-0.6097809590772513,-1.052633340118736,-0.1800003051757812,-0.18000030517578125
2011-07-25,16.899999618530273,17.25,16.8799991607666,17.079999923706055,17.079999923706055,-0.1012795939176296,0.9456255714577644,0.1599998474121093,0.15999984741210938
2011-07-26,17.149999618530273,17.56999969482422,16.149999618530273,16.360000610351562,16.360000610351562,0.2794639655675596,-4.215452673130137,-0.7199993133544922,-0.7199993133544922
2011-07-27,16.34000015258789,16.43000030517578,15.510000228881836,15.619999885559082,15.619999885559082,0.4048324613448903,-4.523231645384263,-0.7400007247924805,-0.7400007247924805
2011-07-28,15.800000190734863,16.290000915527344,15.510000228881836,15.5600004196167,15.5600004196167,-0.2726071683039145,-0.3841195030856115,-0.0599994659423828,-0.05999946594238281
2011-07-29,15.359999656677246,15.760000228881836,15.109999656677246,15.710000038146973,15.710000038146973,-0.5040891330407573,0.964007805174405,0.1499996185302734,0.14999961853027344
2011-08-01,16.239999771118164,16.389999389648438,15.350000381469728,15.520000457763672,15.520000457763672,-0.217090850106554,-1.2094180771606955,-0.1899995803833007,-0.18999958038330078
2011-08-02,16.290000915527344,16.56999969482422,15.770000457763672,16.049999237060547,16.049999237060547,0.5122108590734561,3.4149404875291056,0.529998779296875,0.529998779296875
2011-08-03,16.030000686645508,16.260000228881836,15.609999656677246,16.040000915527344,16.040000915527344,0.0039905891958464,-0.062294841174304,-0.0099983215332031,-0.009998321533203125
2011-08-04,15.970000267028809,16.0,14.829999923706056,14.829999923706056,14.829999923706056,0.4783388775910159,-7.543646650605607,-1.2100009918212873,-1.2100009918212873
2011-08-05,15.489999771118164,15.489999771118164,14.65999984741211,15.25,15.25,0.8408112437454283,2.832097629498742,0.4200000762939435,0.42000007629394354
2011-08-08,14.850000381469728,14.979999542236328,13.75,13.979999542236328,13.979999542236328,0.6812896712036454,-8.327871854188007,-1.270000457763672,-1.2700004577636719
2011-08-09,14.25,14.970000267028809,13.699999809265137,14.920000076293944,14.920000076293944,0.3947130311924601,6.72389531357056,0.9400005340576154,0.9400005340576154
2011-08-10,14.869999885559082,14.890000343322754,14.079999923706056,14.149999618530272,14.149999618530272,-0.0066910315206077,-5.160860950578061,-0.7700004577636719,-0.7700004577636719
2011-08-11,14.329999923706056,15.739999771118164,14.300000190734863,15.420000076293944,15.420000076293944,-0.0480120379763647,8.975268494710974,1.270000457763672,1.2700004577636719
2011-08-12,15.979999542236328,16.020000457763672,14.970000267028809,15.06999969482422,15.06999969482422,-0.5577783319050401,-2.269781969766649,-0.350000381469723,-0.350000381469723
2011-08-15,15.130000114440918,15.770000457763672,15.130000114440918,15.739999771118164,15.739999771118164,-0.4845530109409265,4.445919640755225,0.6700000762939435,0.6700000762939435
2011-08-16,15.600000381469728,15.710000038146973,15.25,15.40999984741211,15.40999984741211,-0.6679676824537254,-2.0965687960909807,-0.3299999237060547,-0.3299999237060547
2011-08-17,15.460000038146973,15.579999923706056,14.93000030517578,15.31999969482422,15.31999969482422,-0.7892602966418828,-0.5840373360094686,-0.0900001525878888,-0.09000015258788885
2011-08-18,14.81999969482422,14.899999618530272,14.18000030517578,14.329999923706056,14.329999923706056,-0.2728882635859265,-6.462139626886742,-0.989999771118164,-0.9899997711181641
2011-08-19,14.25,14.920000076293944,13.949999809265137,14.149999618530272,14.149999618530272,-0.3773151608533668,-1.2561082074955987,-0.1800003051757848,-0.1800003051757848
2011-08-22,14.489999771118164,14.640000343322754,14.109999656677246,14.359999656677246,14.359999656677246,-0.7014180210131478,1.4840992495290806,0.2100000381469744,0.21000003814697443
2011-08-23,14.399999618530272,14.850000381469728,14.210000038146973,14.850000381469728,14.850000381469728,-0.676681636196096,3.4122613962921378,0.4900007247924822,0.49000072479248225
2011-08-24,14.619999885559082,15.149999618530272,14.460000038146973,14.8100004196167,14.8100004196167,-0.6983259729110163,-0.2693600055589384,-0.0399999618530291,-0.03999996185302912
2011-08-25,14.90999984741211,15.0,14.260000228881836,14.270000457763672,14.270000457763672,-0.6661405631206477,-3.646184649243944,-0.5399999618530273,-0.5399999618530273
2011-08-26,14.170000076293944,14.729999542236328,14.0,14.619999885559082,14.619999885559082,-0.7420362892638749,2.4526938792422515,0.3499994277954101,0.34999942779541016
2011-08-29,14.829999923706056,15.390000343322754,14.829999923706056,15.390000343322754,15.390000343322754,-0.770567460388088,5.266761038242152,0.7700004577636719,0.7700004577636719
2011-08-30,15.229999542236328,15.779999732971191,15.229999542236328,15.59000015258789,15.59000015258789,-0.7499069571602095,1.299543890860999,0.1999998092651367,0.19999980926513672
2011-08-31,15.630000114440918,15.829999923706056,14.93000030517578,15.140000343322754,15.140000343322754,-0.6367661061503987,-2.886464431435165,-0.4499998092651367,-0.4499998092651367
2011-09-01,15.170000076293944,15.350000381469728,14.970000267028809,15.020000457763672,15.020000457763672,-0.3435837270119325,-0.792601603949139,-0.119999885559082,-0.11999988555908203
2011-09-02,14.59000015258789,14.859999656677246,13.699999809265137,13.869999885559082,13.869999885559082,-0.2856780989174703,-7.656461632197664,-1.1500005722045898,-1.1500005722045898
2011-09-06,13.470000267028809,14.0,13.43000030517578,13.9399995803833,13.9399995803833,-0.6457611551747812,0.5046841773740818,0.0699996948242187,0.06999969482421875
2011-09-07,14.149999618530272,15.260000228881836,14.06999969482422,14.979999542236328,14.979999542236328,-0.3790017325454385,7.460545144610631,1.0399999618530271,1.0399999618530273
2011-09-08,14.899999618530272,15.390000343322754,14.550000190734863,14.640000343322754,14.640000343322754,-0.7614318637226996,-2.2696876455499337,-0.3399991989135742,-0.3399991989135742
2011-09-09,14.510000228881836,14.649999618530272,14.050000190734863,14.289999961853027,14.289999961853027,-0.7742216990542434,-2.390712932116568,-0.3500003814697265,-0.35000038146972656
2011-09-12,14.06999969482422,15.06999969482422,14.0,15.06999969482422,15.06999969482422,-0.6561616806092234,5.458360637182591,0.7799997329711932,0.7799997329711932
2011-09-13,15.170000076293944,15.550000190734863,14.989999771118164,15.369999885559082,15.369999885559082,-0.6266466759979684,1.990711325879424,0.3000001907348615,0.3000001907348615
2011-09-14,15.5600004196167,15.789999961853027,15.210000038146973,15.600000381469728,15.600000381469728,-0.781951819309572,1.496424838146826,0.2300004959106463,0.2300004959106463
2011-09-15,15.760000228881836,16.549999237060547,15.68000030517578,16.459999084472656,16.459999084472656,-0.4356424318708469,5.512812063930883,0.8599987030029279,0.8599987030029279
2011-09-16,16.479999542236328,16.760000228881836,16.059999465942383,16.600000381469727,16.600000381469727,0.6419363317219721,0.8505547070724928,0.1400012969970703,0.1400012969970703
2011-09-19,16.34000015258789,16.6299991607666,15.65999984741211,15.960000038146973,15.960000038146973,-0.6090782208722214,-3.8554236663583152,-0.6400003433227539,-0.6400003433227539
2011-09-20,16.18000030517578,16.68000030517578,15.729999542236328,15.949999809265137,15.949999809265137,-0.5669139285704285,-0.0626580755509587,-0.0100002288818359,-0.010000228881835938
2011-09-21,15.970000267028809,16.260000228881836,15.399999618530272,15.43000030517578,15.43000030517578,-0.8356410181738549,-3.2601850176029235,-0.5199995040893572,-0.5199995040893572
2011-09-22,14.800000190734863,15.350000381469728,14.600000381469728,14.949999809265137,14.949999809265137,-0.4031759267984664,-3.110826224349672,-0.4800004959106427,-0.48000049591064275
2011-09-23,14.949999809265137,15.739999771118164,14.949999809265137,15.489999771118164,15.489999771118164,-0.2988895771720321,3.612039924698651,0.5399999618530273,0.5399999618530273
2011-09-26,15.81999969482422,16.350000381469727,15.630000114440918,16.290000915527344,16.290000915527344,-0.5246090886276298,5.164629801356235,0.8000011444091797,0.8000011444091797
2011-09-27,16.84000015258789,16.84000015258789,15.859999656677246,16.010000228881836,16.010000228881836,-0.4154035715659863,-1.718850036273578,-0.2800006866455078,-0.2800006866455078
2011-09-28,16.0,16.15999984741211,15.489999771118164,15.539999961853027,15.539999961853027,-0.8463226388903091,-2.935666835163031,-0.4700002670288086,-0.4700002670288086
2011-09-29,15.90999984741211,16.040000915527344,14.920000076293944,15.619999885559082,15.619999885559082,-0.5485021875986458,0.5148000251121942,0.0799999237060546,0.07999992370605469
2011-09-30,15.149999618530272,16.139999389648438,15.079999923706056,15.100000381469728,15.100000381469728,-0.2339565670272711,-3.3290621504427853,-0.5199995040893537,-0.5199995040893537
2011-10-03,14.970000267028809,15.109999656677246,14.380000114440918,14.4399995803833,14.4399995803833,-0.3766124226483369,-4.370866121939709,-0.6600008010864276,-0.6600008010864276
2011-10-04,14.239999771118164,15.020000457763672,13.81999969482422,14.960000038146973,14.960000038146973,0.2638631774158963,3.601111307995408,0.5200004577636719,0.5200004577636719
2011-10-05,14.949999809265137,15.210000038146973,14.68000030517578,15.119999885559082,15.119999885559082,-0.3330426539364843,1.0695176938778197,0.1599998474121093,0.15999984741210938
2011-10-06,15.029999732971191,15.640000343322754,14.960000038146973,15.4399995803833,15.4399995803833,-0.4814609628387951,2.116400114062466,0.3199996948242187,0.31999969482421875
2011-10-07,15.539999961853027,16.1200008392334,15.479999542236328,15.510000228881836,15.510000228881836,-0.4533514346375998,0.4533720880891101,0.0700006484985351,0.07000064849853516
2011-10-10,15.859999656677246,16.440000534057617,15.789999961853027,16.309999465942383,16.309999465942383,-0.6723246593249107,5.157957609638419,0.7999992370605469,0.7999992370605469
2011-10-11,16.239999771118164,16.979999542236328,16.110000610351562,16.799999237060547,16.799999237060547,-0.6144190312304485,3.0042905405444964,0.489999771118164,0.48999977111816406
2011-10-12,16.889999389648438,17.450000762939453,16.81999969482422,17.0,17.0,-0.5267173032427195,1.1904807858458266,0.2000007629394531,0.20000076293945312
2011-10-13,16.889999389648438,16.93000030517578,16.15999984741211,16.450000762939453,16.450000762939453,-0.600083171847839,-3.2352896297679234,-0.5499992370605469,-0.5499992370605469
2011-10-14,16.649999618530273,16.860000610351562,16.34000015258789,16.670000076293945,16.670000076293945,-0.5232036122175701,1.3373817820734324,0.2199993133544922,0.2199993133544922
2011-10-17,16.5,16.690000534057617,16.290000915527344,16.3799991607666,16.3799991607666,-0.7312141209064147,-1.7396575536897996,-0.2900009155273437,-0.29000091552734375
2011-10-18,16.399999618530273,16.979999542236328,16.18000030517578,16.799999237060547,16.799999237060547,-0.5083055622709366,2.564103161250042,0.4200000762939453,0.4200000762939453
2011-10-19,16.770000457763672,17.049999237060547,16.440000534057617,16.690000534057617,16.690000534057617,-0.5708492625185959,-0.6547542142756435,-0.1099987030029296,-0.10999870300292969
2011-10-20,16.729999542236328,16.75,16.049999237060547,16.3799991607666,16.3799991607666,-0.4950940840163748,-1.8574078092953084,-0.3100013732910156,-0.3100013732910156
2011-10-21,16.690000534057617,16.850000381469727,16.520000457763672,16.850000381469727,16.850000381469727,-0.50015379909259,2.869360468765292,0.470001220703125,0.470001220703125
2011-10-24,16.8700008392334,17.469999313354492,16.690000534057617,17.139999389648438,17.139999389648438,-0.2196207076446615,1.7210623241150191,0.2899990081787109,0.28999900817871094
2011-10-25,17.020000457763672,17.040000915527344,16.229999542236328,16.520000457763672,16.520000457763672,-0.5400693291382872,-3.617263442023277,-0.6199989318847656,-0.6199989318847656
2011-10-26,16.799999237060547,16.81999969482422,16.139999389648438,16.68000030517578,16.68000030517578,-0.5910881228234565,0.9685220519283666,0.1599998474121093,0.15999984741210938
2011-10-27,17.1299991607666,17.489999771118164,15.15999984741211,15.609999656677246,15.609999656677246,0.6933767683301594,-6.4148718760305705,-1.0700006484985352,-1.0700006484985352
2011-10-28,15.09000015258789,15.75,15.010000228881836,15.329999923706056,15.329999923706056,-0.3910888296719524,-1.7937203019182557,-0.2799997329711896,-0.27999973297118963
2011-10-31,15.140000343322754,15.289999961853027,14.960000038146973,14.970000267028809,14.970000267028809,-0.429177240384572,-2.348334367050786,-0.3599996566772478,-0.35999965667724787
2011-11-01,14.5,14.899999618530272,14.239999771118164,14.729999542236328,14.729999542236328,0.1209262265128185,-1.6032112258613562,-0.2400007247924804,-0.24000072479248047
2011-11-02,15.0,15.479999542236328,14.869999885559082,15.350000381469728,15.350000381469728,-0.446605147869313,4.209102909036955,0.6200008392334002,0.6200008392334002
2011-11-03,15.59000015258789,15.6899995803833,14.90999984741211,15.609999656677246,15.609999656677246,-0.3414755123968429,1.6938063110498949,0.2599992752075177,0.25999927520751775
2011-11-04,15.460000038146973,16.139999389648438,15.350000381469728,16.020000457763672,16.020000457763672,-0.0883492109450798,2.626526650249139,0.4100008010864258,0.4100008010864258
2011-11-07,16.81999969482422,17.049999237060547,16.469999313354492,16.65999984741211,16.65999984741211,-0.0373304172599105,3.995002318107166,0.6399993896484375,0.6399993896484375
2011-11-08,16.790000915527344,17.610000610351562,16.649999618530273,17.510000228881836,17.510000228881836,0.1560631367643126,5.102043152790081,0.8500003814697266,0.8500003814697266
2011-11-09,17.100000381469727,17.579999923706055,16.940000534057617,17.09000015258789,17.09000015258789,-0.3916510202359763,-2.3986297590172345,-0.4200000762939453,-0.4200000762939453
2011-11-10,17.270000457763672,17.34000015258789,16.90999984741211,17.09000015258789,17.09000015258789,-0.6674054918897016,0.0,0.0,0.0
2011-11-11,17.329999923706055,17.649999618530273,17.18000030517578,17.219999313354492,17.219999313354492,-0.4782283670956576,0.7606738420474324,0.1299991607666015,0.12999916076660156
2011-11-14,17.200000762939453,17.260000228881836,16.780000686645508,16.920000076293945,16.920000076293945,-0.3846236381856776,-1.7421559176712065,-0.2999992370605469,-0.2999992370605469
2011-11-15,17.139999389648438,17.229999542236328,16.860000610351562,16.979999542236328,16.979999542236328,-0.5678977620574704,0.3546067711101663,0.0599994659423828,0.05999946594238281
2011-11-16,16.829999923706055,17.25,16.829999923706055,16.899999618530273,16.899999618530273,-0.7895413919238948,-0.4711420839974778,-0.0799999237060546,-0.07999992370605469
2011-11-17,16.860000610351562,17.200000762939453,16.6299991607666,16.75,16.75,-0.765086102388855,-0.8875717273141515,-0.1499996185302734,-0.14999961853027344
2011-11-18,16.790000915527344,17.0,16.610000610351562,16.860000610351562,16.860000610351562,-0.5729574771336856,0.6567200618003755,0.1100006103515625,0.1100006103515625
2011-11-21,16.600000381469727,16.600000381469727,15.609999656677246,15.850000381469728,15.850000381469728,-0.4256635493594226,-5.990511223716821,-1.0100002288818342,-1.0100002288818342
2011-11-22,15.800000190734863,16.049999237060547,15.399999618530272,15.449999809265137,15.449999809265137,-0.8042988942295223,-2.5236628553790608,-0.4000005722045916,-0.4000005722045916
2011-11-23,15.34000015258789,15.5600004196167,15.220000267028809,15.289999961853027,15.289999961853027,-0.7404902652128091,-1.0355977306624964,-0.1599998474121093,-0.15999984741210938
2011-11-25,15.260000228881836,15.710000038146973,15.25,15.260000228881836,15.260000228881836,-0.941473391851355,-0.1962049250885389,-0.0299997329711914,-0.029999732971191406
2011-11-28,15.81999969482422,15.979999542236328,15.699999809265137,15.829999923706056,15.829999923706056,-0.5168789683723011,3.735253514252324,0.5699996948242205,0.5699996948242205
2011-11-29,15.850000381469728,16.09000015258789,15.3100004196167,15.960000038146973,15.960000038146973,-0.1070420471988747,0.8212262480572496,0.1300001144409162,0.1300001144409162
2011-11-30,16.530000686645508,16.940000534057617,16.110000610351562,16.940000534057617,16.940000534057617,-0.5899637416954087,6.140353969726098,0.9800004959106444,0.9800004959106445
2011-12-01,16.93000030517578,17.049999237060547,16.5,16.760000228881836,16.760000228881836,-0.7433012180329286,-1.0625755578572371,-0.1800003051757812,-0.18000030517578125
2011-12-02,16.899999618530273,17.18000030517578,16.84000015258789,17.0,17.0,-0.5988182430787852,1.4319795217220932,0.239999771118164,0.23999977111816406
2011-12-05,17.309999465942383,17.899999618530273,17.020000457763672,17.469999313354492,17.469999313354492,-0.3486434420881477,2.7647018432617188,0.4699993133544922,0.4699993133544922
2011-12-06,17.510000228881836,17.59000015258789,17.15999984741211,17.170000076293945,17.170000076293945,-0.6780871126061557,-1.7172252367017582,-0.2999992370605469,-0.2999992370605469
2011-12-07,17.170000076293945,17.540000915527344,17.06999969482422,17.34000015258789,17.34000015258789,-0.7313546685474207,0.9900994498460048,0.1700000762939453,0.1700000762939453
2011-12-08,17.219999313354492,17.399999618530273,16.440000534057617,16.559999465942383,16.559999465942383,-0.5282633272937851,-4.498273816503384,-0.7800006866455078,-0.7800006866455078
2011-12-09,16.729999542236328,17.389999389648438,16.700000762939453,17.09000015258789,17.09000015258789,-0.470357699199323,3.200487341412761,0.5300006866455078,0.5300006866455078
2011-12-12,16.989999771118164,17.059999465942383,16.510000228881836,17.030000686645508,17.030000686645508,-0.6473071792258469,-0.3510793762824926,-0.0599994659423828,-0.05999946594238281
2011-12-13,17.1299991607666,17.3799991607666,16.389999389648438,16.43000030517578,16.43000030517578,-0.7433012180329286,-3.523196460821232,-0.6000003814697266,-0.6000003814697266
2011-12-14,16.40999984741211,16.520000457763672,15.81999969482422,15.84000015258789,15.84000015258789,-0.6623457768134864,-3.590992949659466,-0.5900001525878906,-0.5900001525878906
2011-12-15,16.010000228881836,16.329999923706055,15.93000030517578,16.06999969482422,16.06999969482422,-0.7383820505977194,1.4520172981106416,0.2299995422363281,0.22999954223632812
2011-12-16,16.18000030517578,16.329999923706055,15.59000015258789,15.68000030517578,15.68000030517578,0.7708185185244522,-2.426878637552488,-0.3899993896484393,-0.3899993896484393
2011-12-19,15.729999542236328,16.139999389648438,15.510000228881836,15.609999656677246,15.609999656677246,-0.6437934882006976,-0.4464326985722522,-0.0700006484985333,-0.07000064849853338
2011-12-20,16.040000915527344,17.25,16.040000915527344,17.190000534057617,17.190000534057617,-0.434939693665817,10.121722691419263,1.580000877380371,1.580000877380371
2011-12-21,17.190000534057617,17.610000610351562,16.940000534057617,17.520000457763672,17.520000457763672,-0.7534206481853589,1.9197202644190887,0.3299999237060547,0.3299999237060547
2011-12-22,17.56999969482422,17.709999084472656,17.469999313354492,17.639999389648438,17.639999389648438,-0.7490636713141736,0.6849253924053889,0.1199989318847656,0.11999893188476562
2011-12-23,17.709999084472656,17.899999618530273,17.600000381469727,17.670000076293945,17.670000076293945,-0.8915789792942335,0.1700719256436667,0.0300006866455078,0.030000686645507812
2011-12-27,17.579999923706055,17.579999923706055,17.190000534057617,17.360000610351562,17.360000610351562,-0.9192668645724108,-1.7543829349399798,-0.3099994659423828,-0.3099994659423828
2011-12-28,17.3700008392334,17.469999313354492,17.06999969482422,17.15999984741211,17.15999984741211,-0.900855123600628,-1.152078087026076,-0.2000007629394531,-0.20000076293945312
2011-12-29,17.25,17.84000015258789,17.25,17.799999237060547,17.799999237060547,-0.7860277008987454,3.729600205940309,0.6399993896484375,0.6399993896484375
2011-12-30,17.670000076293945,18.0,17.6200008392334,17.65999984741211,17.65999984741211,-0.8076720376136657,-0.7865134587025757,-0.1399993896484375,-0.1399993896484375
2012-01-03,17.8799991607666,18.100000381469727,17.31999969482422,17.3799991607666,17.3799991607666,-0.4371884559219126,-1.5855078655991006,-0.2800006866455078,-0.2800006866455078
2012-01-04,17.34000015258789,18.1299991607666,17.219999313354492,17.979999542236328,17.979999542236328,-0.7240461912151099,3.452246320150354,0.6000003814697266,0.6000003814697266
2012-01-05,17.950000762939453,18.68000030517578,17.579999923706055,18.209999084472656,18.209999084472656,-0.7382415029567135,1.2791965967298369,0.2299995422363281,0.22999954223632812
2012-01-06,18.15999984741211,18.809999465942383,18.020000457763672,18.540000915527344,18.540000915527344,-0.7663510311579087,1.8122012501146976,0.3300018310546875,0.3300018310546875
2012-01-09,18.61000061035156,18.799999237060547,18.420000076293945,18.670000076293945,18.670000076293945,-0.8315651365846817,0.7011820622820242,0.1299991607666015,0.12999916076660156
2012-01-10,18.950000762939453,18.96999931335449,18.540000915527344,18.780000686645508,18.780000686645508,-0.8686697138102594,0.5891837702305835,0.1100006103515625,0.1100006103515625
2012-01-11,18.799999237060547,19.0,18.549999237060547,18.790000915527344,18.790000915527344,-0.7517340764932872,0.0532493531214095,0.0100002288818359,0.010000228881835938
2012-01-12,18.86000061035156,19.200000762939453,18.739999771118164,19.170000076293945,19.170000076293945,-0.7708485556700999,2.022347750140785,0.3799991607666015,0.37999916076660156
2012-01-13,18.940000534057617,19.06999969482422,18.6200008392334,18.8700008392334,18.8700008392334,-0.8085153234597016,-1.564941240827289,-0.2999992370605469,-0.2999992370605469
2012-01-17,19.100000381469727,20.31999969482422,19.059999465942383,19.940000534057617,19.940000534057617,-0.1507523635517332,5.670374389170863,1.0699996948242188,1.0699996948242188
2012-01-18,19.89999961853028,20.64999961853028,19.600000381469727,20.56999969482422,20.56999969482422,-0.3490650850111656,3.159474141891616,0.6299991607666016,0.6299991607666016
2012-01-19,20.59000015258789,21.1299991607666,20.170000076293945,20.309999465942383,20.309999465942383,-0.3071818879913847,-1.2639777964958188,-0.2600002288818359,-0.26000022888183594
2012-01-20,20.26000022888184,20.56999969482422,19.96999931335449,20.420000076293945,20.420000076293945,-0.7978337027432474,0.5416081400495321,0.1100006103515625,0.1100006103515625
2012-01-23,20.39999961853028,20.549999237060547,20.280000686645508,20.51000022888184,20.51000022888184,-0.7780164853614048,0.4407451138669582,0.0900001525878941,0.09000015258789418
2012-01-24,20.459999084472656,21.51000022888184,20.270000457763672,21.36000061035156,21.36000061035156,-0.7142078563446916,4.144321657650507,0.8500003814697195,0.8500003814697195
2012-01-25,21.350000381469727,21.8700008392334,20.809999465942383,21.84000015258789,21.84000015258789,-0.3827965188525998,2.247188803935307,0.4799995422363317,0.4799995422363317
2012-01-26,21.93000030517578,22.200000762939453,21.61000061035156,21.8700008392334,21.8700008392334,-0.6481504650718828,0.1373657803841688,0.0300006866455078,0.030000686645507812
2012-01-27,21.8700008392334,21.959999084472656,21.520000457763672,21.8799991607666,21.8799991607666,-0.6890498286046218,0.0457170605831391,0.0099983215332031,0.009998321533203125
2012-01-30,21.65999984741211,21.8700008392334,21.270000457763672,21.700000762939453,21.700000762939453,-0.7307924779833967,-0.8226618132138985,-0.1799983978271484,-0.17999839782714844
2012-01-31,21.81999969482422,21.88999938964844,21.18000030517578,21.36000061035156,21.36000061035156,-0.6581293475833071,-1.5668209245806364,-0.3400001525878942,-0.3400001525878942
2012-02-01,21.5,21.989999771118164,21.3799991607666,21.89999961853028,21.89999961853028,-0.7489231236731677,2.5280851720435926,0.539999008178718,0.5399990081787216
2012-02-02,22.0,22.229999542236328,21.979999542236328,22.13999938964844,22.13999938964844,-0.7656482929528788,1.0958893849253526,0.239999771118164,0.2399997711181605
2012-02-03,22.38999938964844,22.850000381469727,22.280000686645508,22.3799991607666,22.3799991607666,-0.5251712791916537,1.0840098361988737,0.2399997711181605,0.2399997711181605
2012-02-06,22.350000381469727,22.63999938964844,22.25,22.440000534057617,22.440000534057617,-0.8820217397058271,0.2681026610412029,0.0600013732910156,0.060001373291015625
2012-02-07,22.39999961853028,22.68000030517578,22.25,22.549999237060547,22.549999237060547,-0.8436522337111956,0.4901902869208108,0.1099987030029296,0.10999870300292969
2012-02-08,22.530000686645508,22.690000534057617,21.850000381469727,22.200000762939453,22.200000762939453,-0.676400540914084,-1.5520997160207273,-0.3499984741210937,-0.34999847412109375
2012-02-09,22.290000915527344,22.64999961853028,22.239999771118164,22.5,22.5,-0.7321979543934565,1.3513478682458668,0.2999992370605469,0.2999992370605469
2012-02-10,22.299999237060547,22.299999237060547,21.90999984741211,22.100000381469727,22.100000381469727,-0.7565126962874904,-1.7777760823567743,-0.3999996185302734,-0.39999961853027344
2012-02-13,22.350000381469727,22.450000762939453,22.030000686645508,22.14999961853028,22.14999961853028,-0.7576370774155382,0.2262408877715449,0.0499992370605504,0.04999923706055398
2012-02-14,21.200000762939453,21.440000534057617,20.1200008392334,21.15999984741211,21.15999984741211,0.3030759692565636,-4.46952500301604,-0.9899997711181676,-0.9899997711181712
2012-02-15,21.200000762939453,21.32999992370605,20.799999237060547,20.8799991607666,20.8799991607666,-0.5732385724156975,-1.3232546723281335,-0.2800006866455078,-0.2800006866455078
2012-02-16,20.850000381469727,21.790000915527344,20.809999465942383,21.459999084472656,21.459999084472656,-0.2693745725607771,2.7777775240330094,0.5799999237060547,0.5799999237060547
2012-02-17,21.56999969482422,22.07999992370605,21.56999969482422,21.700000762939453,21.700000762939453,-0.6724652069659167,1.1183676081349292,0.2400016784667968,0.24000167846679688
2012-02-21,21.93000030517578,22.15999984741211,21.3700008392334,21.530000686645508,21.530000686645508,-0.5240468980636058,-0.7834104622903126,-0.1700000762939453,-0.1700000762939453
2012-02-22,20.059999465942383,20.38999938964844,18.64999961853028,19.170000076293945,19.170000076293945,2.40623086926999,-10.961451626034592,-2.3600006103515625,-2.3600006103515625
2012-02-23,20.030000686645508,20.690000534057617,19.61000061035156,20.559999465942383,20.559999465942383,0.6759488608454183,7.250909671968864,1.3899993896484375,1.3899993896484375
2012-02-24,20.57999992370605,21.280000686645508,20.57999992370605,21.06999969482422,21.06999969482422,0.271171654748207,2.4805459247537964,0.5100002288818359,0.5100002288818359
2012-02-27,20.8799991607666,21.600000381469727,20.799999237060547,21.39999961853028,21.39999961853028,-0.0385953460289643,1.5662075390875383,0.3299999237060582,0.3299999237060618
2012-02-28,21.520000457763672,22.40999984741211,21.520000457763672,21.88999938964844,21.88999938964844,0.495345142152739,2.289718597442736,0.489999771118164,0.4899997711181605
2012-02-29,22.020000457763672,22.38999938964844,21.65999984741211,21.88999938964844,21.88999938964844,-0.1470981248855779,0.0,0.0,0.0
2012-03-01,22.21999931335449,22.540000915527344,21.989999771118164,22.15999984741211,22.15999984741211,-0.0135778659299005,1.2334420524988676,0.2700004577636683,0.2700004577636683
2012-03-02,22.1299991607666,22.63999938964844,21.790000915527344,21.84000015258789,21.84000015258789,-0.5621353087762254,-1.4440419540958982,-0.3199996948242187,-0.31999969482421875
2012-03-05,21.799999237060547,22.3799991607666,21.799999237060547,22.299999237060547,22.299999237060547,-0.2383135438984564,2.1062228995367027,0.4599990844726562,0.45999908447265625
2012-03-06,22.0,22.1200008392334,21.88999938964844,21.920000076293945,21.920000076293945,-0.4967806557084465,-1.7040321693602478,-0.3799991607666015,-0.37999916076660156
2012-03-07,21.989999771118164,23.559999465942383,21.920000076293945,23.059999465942383,23.059999465942383,0.3733497897595517,5.200727124455273,1.1399993896484375,1.1399993896484375
2012-03-08,23.239999771118164,23.489999771118164,23.0,23.459999084472656,23.459999084472656,-0.670919182914851,1.734603763200604,0.3999996185302734,0.39999961853027344
2012-03-09,23.450000762939453,24.229999542236328,23.13999938964844,24.01000022888184,24.01000022888184,-0.2511033792300002,2.3444209969011087,0.5500011444091832,0.5500011444091832
2012-03-12,24.0,24.25,23.6299991607666,24.040000915527344,24.040000915527344,-0.540912614984323,0.1249507969992347,0.0300006866455042,0.03000068664550426
2012-03-13,24.200000762939453,24.32999992370605,23.709999084472656,24.32999992370605,24.32999992370605,-0.6312847481511656,1.206318623687741,0.2899990081787074,0.2899990081787074
2012-03-14,24.229999542236328,24.309999465942383,23.809999465942383,23.96999931335449,23.96999931335449,-0.7878548202318231,-1.4796572605032976,-0.3600006103515625,-0.3600006103515625
2012-03-15,23.90999984741211,24.420000076293945,23.600000381469727,24.40999984741211,24.40999984741211,-0.7743622466952493,1.8356301487771896,0.4400005340576207,0.44000053405762074
2012-03-16,24.479999542236328,24.479999542236328,23.770000457763672,23.959999084472656,23.959999084472656,-0.4662818176101497,-1.843509896568729,-0.4500007629394531,-0.4500007629394531
2012-03-19,23.90999984741211,24.450000762939453,23.600000381469727,24.32999992370605,24.32999992370605,-0.8280514455595323,1.544243962317915,0.3700008392333949,0.3700008392333949
2012-03-20,24.239999771118164,24.64999961853028,24.0,24.43000030517578,24.43000030517578,-0.7326195973164744,0.4110167767501504,0.1000003814697301,0.10000038146973012
2012-03-21,24.440000534057617,24.75,24.13999938964844,24.200000762939453,24.200000762939453,-0.4981861321185062,-0.9414635258420344,-0.2299995422363281,-0.22999954223632812
2012-03-22,23.920000076293945,24.56999969482422,23.920000076293945,24.350000381469727,24.350000381469727,-0.4558812921757074,0.6198331148814962,0.1499996185302734,0.14999961853027344
2012-03-23,24.280000686645508,24.420000076293945,23.549999237060547,24.299999237060547,24.299999237060547,-0.1219400971455081,-0.205343505650335,-0.0500011444091796,-0.05000114440917969
2012-03-26,24.3700008392334,25.26000022888184,24.15999984741211,25.0,25.0,-0.6145595788714545,2.8806616663257456,0.7000007629394531,0.7000007629394531
2012-03-27,25.049999237060547,25.5,25.049999237060547,25.15999984741211,25.15999984741211,-0.6740112310169825,0.6399993896484268,0.1599998474121093,0.15999984741210938
2012-03-28,25.14999961853028,25.25,24.71999931335449,25.170000076293945,25.170000076293945,-0.8421062096601298,0.0397465379271988,0.0100002288818359,0.010000228881835938
2012-03-29,24.920000076293945,25.190000534057617,24.729999542236328,25.100000381469727,25.100000381469727,-0.8835677637568928,-0.2781076464522858,-0.0699996948242187,-0.06999969482421875
2012-03-30,25.270000457763672,25.270000457763672,24.93000030517578,25.11000061035156,25.11000061035156,-0.8076720376136657,0.0398415487244951,0.0100002288818323,0.010000228881832385
2012-04-02,24.459999084472656,24.84000015258789,24.100000381469727,24.84000015258789,24.84000015258789,-0.3416160600378489,-1.0752706141009094,-0.2700004577636683,-0.2700004577636683
2012-04-03,24.82999992370605,25.190000534057617,24.780000686645508,24.940000534057617,24.940000534057617,-0.7094292365504884,0.4025780227674858,0.1000003814697265,0.10000038146972656
2012-04-04,24.64999961853028,24.82999992370605,24.3799991607666,24.739999771118164,24.739999771118164,-0.6426691070726497,-0.8019276610132242,-0.2000007629394531,-0.20000076293945312
2012-04-05,24.59000015258789,25.1200008392334,24.51000022888184,25.01000022888184,25.01000022888184,-0.6345173438943031,1.0913519008147965,0.2700004577636754,0.2700004577636754
2012-04-09,24.520000457763672,24.8700008392334,24.36000061035156,24.729999542236328,24.729999542236328,-0.6121702689743529,-1.1195549143664718,-0.2800006866455113,-0.28000068664551137
2012-04-10,24.71999931335449,24.940000534057617,23.38999938964844,23.6200008392334,23.6200008392334,0.5650567720917031,-4.488470374239862,-1.1099987030029297,-1.1099987030029297
2012-04-11,23.88999938964844,24.290000915527344,23.8799991607666,24.0,24.0,-0.3514543949082672,1.6088024863039507,0.3799991607666015,0.37999916076660156
2012-04-12,24.030000686645508,24.459999084472656,23.90999984741211,24.18000030517578,24.18000030517578,-0.5090083004759665,0.7500012715657478,0.1800003051757812,0.18000030517578125
2012-04-13,23.989999771118164,24.299999237060547,23.89999961853028,24.06999969482422,24.06999969482422,-0.4201821913601895,-0.4549239411217765,-0.1100006103515625,-0.1100006103515625
2012-04-16,24.270000457763672,24.51000022888184,23.63999938964844,23.950000762939453,23.950000762939453,0.4455912772366234,-0.4985414765525275,-0.1199989318847656,-0.11999893188476562
2012-04-17,24.229999542236328,25.709999084472656,24.040000915527344,25.63999938964844,25.63999938964844,0.6849439098698008,7.056361473374628,1.689998626708988,1.689998626708988
2012-04-18,25.540000915527344,25.739999771118164,25.350000381469727,25.549999237060547,25.549999237060547,-0.6399987018935361,-0.3510146440339978,-0.0900001525878941,-0.09000015258789418
2012-04-19,25.6200008392334,25.63999938964844,24.780000686645508,25.11000061035156,25.11000061035156,-0.5016998231436557,-1.7221081794427828,-0.4399986267089879,-0.4399986267089879
2012-04-20,24.709999084472656,24.709999084472656,23.32999992370605,23.93000030517578,23.93000030517578,0.4134058674462549,-4.699324080021428,-1.1800003051757777,-1.1800003051757777
2012-04-23,23.59000015258789,23.93000030517578,23.450000762939453,23.57999992370605,23.57999992370605,-0.270217858406813,-1.4626008232604517,-0.3500003814697301,-0.3500003814697301
2012-04-24,23.549999237060547,23.93000030517578,23.059999465942383,23.46999931335449,23.46999931335449,-0.0771053996646018,-0.466499621320926,-0.1100006103515625,-0.1100006103515625
2012-04-25,25.71999931335449,25.989999771118164,24.31999969482422,25.030000686645508,25.030000686645508,1.1383505997550798,6.64678917311845,1.5600013732910192,1.5600013732910192
2012-04-26,25.290000915527344,27.479999542236328,25.290000915527344,27.479999542236328,27.479999542236328,1.3202192472168128,9.788249254415682,2.4499988555908203,2.4499988555908203
2012-04-27,27.450000762939453,28.84000015258789,27.31999969482422,28.799999237060547,28.799999237060547,0.8084852863140538,4.803492419260769,1.3199996948242188,1.3199996948242188
2012-04-30,28.76000022888184,29.06999969482422,28.43000030517578,28.93000030517578,28.93000030517578,0.4848040690772908,0.451392609580159,0.1300010681152343,0.13000106811523438
2012-05-01,28.84000015258789,29.489999771118164,28.809999465942383,29.170000076293945,29.170000076293945,0.3650574789401991,0.8295878623797437,0.239999771118164,0.23999977111816406
2012-05-02,29.059999465942383,29.350000381469727,28.65999984741211,29.200000762939453,29.200000762939453,0.2044115252703684,0.1028477427735374,0.0300006866455078,0.030000686645507812
2012-05-03,29.09000015258789,29.190000534057617,27.90999984741211,28.32999992370605,28.32999992370605,-0.3184256992718628,-2.979454851034125,-0.870000839233402,-0.870000839233402
2012-05-04,28.100000381469727,28.56999969482422,27.780000686645508,28.030000686645508,28.030000686645508,-0.2858186465584763,-1.0589454213499994,-0.2999992370605433,-0.2999992370605433
2012-05-07,28.049999237060547,28.799999237060547,28.040000915527344,28.1299991607666,28.1299991607666,-0.3943214254150899,0.3567551611539432,0.0999984741210937,0.09999847412109375
2012-05-08,27.89999961853028,28.209999084472656,26.89999961853028,28.15999984741211,28.15999984741211,-0.1507523635517332,0.1066501512284157,0.0300006866455078,0.030000686645507812
2012-05-09,28.18000030517578,28.799999237060547,27.459999084472656,28.540000915527344,28.540000915527344,-0.3589034198815839,1.3494356185167256,0.3800010681152344,0.3800010681152344
2012-05-10,28.799999237060547,29.0,28.56999969482422,28.75,28.75,-0.4752768666345321,0.735806158851271,0.2099990844726562,0.20999908447265625
2012-05-11,28.3799991607666,29.14999961853028,28.32999992370605,28.90999984741211,28.90999984741211,-0.6103431496412752,0.5565212083899373,0.1599998474121093,0.15999984741210938
2012-05-14,28.559999465942383,28.82999992370605,27.850000381469727,27.8799991607666,27.8799991607666,-0.6005048147708569,-3.562783438539896,-1.0300006866455078,-1.0300006866455078
2012-05-15,27.770000457763672,29.34000015258789,27.56999969482422,28.61000061035156,28.61000061035156,-0.4682494845842334,2.6183696971276538,0.7300014495849574,0.7300014495849574
2012-05-16,29.200000762939453,30.1200008392334,29.07999992370605,29.549999237060547,29.549999237060547,0.035473260781185,3.2855596178102964,0.939998626708988,0.9399986267089879
2012-05-17,29.440000534057617,29.549999237060547,27.809999465942383,28.15999984741211,28.15999984741211,-0.4456213143822712,-4.703889764928149,-1.3899993896484375,-1.3899993896484375
2012-05-18,28.170000076293945,28.440000534057617,27.520000457763672,28.040000915527344,28.040000915527344,-0.4623464836619823,-0.4261325729225551,-0.1199989318847656,-0.11999893188476562
2012-05-21,28.040000915527344,28.540000915527344,27.3700008392334,28.270000457763672,28.270000457763672,-0.5479399970346218,0.8202551167142191,0.2299995422363281,0.22999954223632812
2012-05-22,28.34000015258789,29.1299991607666,28.34000015258789,28.600000381469727,28.600000381469727,-0.7804057952585063,1.1673148863194704,0.3299999237060547,0.3299999237060547
2012-05-23,28.420000076293945,29.100000381469727,27.63999938964844,28.979999542236328,28.979999542236328,-0.4210254772062253,1.3286683765669105,0.3799991607666015,0.37999916076660156
2012-05-24,29.07999992370605,29.780000686645508,28.850000381469727,29.479999542236328,29.479999542236328,-0.5265767556017135,1.7253278395373606,0.5,0.5
2012-05-25,29.520000457763672,29.979999542236328,29.459999084472656,29.84000015258789,29.84000015258789,-0.640841987739572,1.2211689821629346,0.3600006103515625,0.3600006103515625
2012-05-29,30.0,30.5,29.68000030517578,29.979999542236328,29.979999542236328,-0.3293884152703289,0.4691668529910986,0.1399993896484375,0.1399993896484375
2012-05-30,29.63999938964844,29.670000076293945,29.0,29.39999961853028,29.39999961853028,-0.74709600434009,-1.9346228571115789,-0.5799999237060511,-0.5799999237060476
2012-05-31,29.32999992370605,29.440000534057617,28.40999984741211,29.09000015258789,29.09000015258789,-0.4428103615621517,-1.05441996586626,-0.3099994659423863,-0.3099994659423899
2012-06-01,28.09000015258789,28.6200008392334,27.5,27.57999992370605,27.57999992370605,-0.2592551424083468,-5.190787971678668,-1.5100002288818395,-1.5100002288818395
2012-06-04,27.600000381469727,27.84000015258789,26.520000457763672,27.809999465942383,27.809999465942383,0.0097530424770914,0.833935978508249,0.2299995422363316,0.22999954223633168
2012-06-05,27.6200008392334,28.40999984741211,27.56999969482422,28.13999938964844,28.13999938964844,-0.4716226279683768,1.1866232651683184,0.3299999237060582,0.32999992370605824
2012-06-06,28.530000686645508,30.06999969482422,28.530000686645508,29.1299991607666,29.1299991607666,-0.1673369851904384,3.5181229303165478,0.9899997711181604,0.9899997711181605
2012-06-07,29.46999931335449,30.07999992370605,29.209999084472656,29.46999931335449,29.46999931335449,-0.4534919822786059,1.1671821571688,0.3400001525878871,0.3400001525878871
2012-06-08,29.38999938964844,30.57999992370605,29.01000022888184,30.26000022888184,30.26000022888184,-0.3631198491117632,2.680695398487365,0.7900009155273509,0.7900009155273509
2012-06-11,30.709999084472656,30.709999084472656,29.51000022888184,29.530000686645508,29.530000686645508,-0.6134351977434067,-2.412424113399636,-0.7299995422363317,-0.7299995422363317
2012-06-12,29.989999771118164,30.809999465942383,29.850000381469727,30.51000022888184,30.51000022888184,-0.2588334994853289,3.3186573635249683,0.9799995422363316,0.9799995422363317
2012-06-13,30.38999938964844,30.709999084472656,29.63999938964844,29.81999969482422,29.81999969482422,-0.4068301654646218,-2.2615553224560214,-0.6900005340576207,-0.6900005340576207
2012-06-14,29.809999465942383,30.520000457763672,29.549999237060547,30.420000076293945,30.420000076293945,-0.2841320748664046,2.0120737344402784,0.6000003814697266,0.6000003814697266
2012-06-15,30.43000030517578,30.600000381469727,29.989999771118164,30.420000076293945,30.420000076293945,0.9574657857803884,0.0,0.0,0.0
2012-06-18,30.190000534057617,31.709999084472656,30.0,31.6200008392334,31.6200008392334,-0.3185662469128688,3.944775673668066,1.2000007629394531,1.2000007629394531
2012-06-19,31.770000457763672,33.380001068115234,31.76000022888184,33.099998474121094,33.099998474121094,0.0360354513452089,4.680574306156715,1.479997634887695,1.4799976348876953
2012-06-20,32.88999938964844,33.689998626708984,32.630001068115234,33.33000183105469,33.33000183105469,-0.3122416030675998,0.694874222164743,0.2300033569335937,0.23000335693359375
2012-06-21,33.400001525878906,33.470001220703125,31.1200008392334,31.239999771118164,31.239999771118164,-0.045903823361275,-6.27063289864328,-2.0900020599365234,-2.0900020599365234
2012-06-22,31.440000534057617,31.600000381469727,30.75,31.14999961853028,31.14999961853028,0.277215203311464,-0.2880926800489125,-0.090000152587887,-0.09000015258788352
2012-06-25,30.600000381469727,31.40999984741211,30.100000381469727,31.170000076293945,31.170000076293945,-0.5903853846184266,0.0642069277964729,0.0200004577636683,0.02000045776366477
2012-06-26,31.26000022888184,32.529998779296875,30.809999465942383,32.130001068115234,32.130001068115234,-0.3764718750073309,3.079887678766502,0.9600009918212892,0.9600009918212891
2012-06-27,32.31999969482422,32.81999969482422,31.950000762939453,32.81999969482422,32.81999969482422,-0.5257334697556776,2.1475213313756125,0.6899986267089844,0.6899986267089844
2012-06-28,32.40999984741211,32.869998931884766,31.82999992370605,32.349998474121094,32.349998474121094,-0.3832181617756178,-1.432057358541794,-0.470001220703125,-0.470001220703125
2012-06-29,33.06999969482422,34.25,32.81999969482422,33.790000915527344,33.790000915527344,-0.3365563449616337,4.451321512605944,1.44000244140625,1.44000244140625
2012-07-02,33.0099983215332,34.560001373291016,33.0099983215332,34.41999816894531,34.41999816894531,0.4273200839058465,1.8644487610193217,0.6299972534179688,0.6299972534179688
2012-07-03,33.630001068115234,34.0,32.65999984741211,32.86000061035156,32.86000061035156,-0.363822587316793,-4.532241840736717,-1.55999755859375,-1.55999755859375
2012-07-05,32.7599983215332,33.630001068115234,32.689998626708984,32.869998931884766,32.869998931884766,-0.6019102911809167,0.030427027837776,0.0099983215332031,0.009998321533203125
2012-07-06,32.380001068115234,32.56999969482422,31.88999938964844,32.4900016784668,32.4900016784668,-0.3780178990583966,-1.1560610458352103,-0.3799972534179687,-0.37999725341796875
2012-07-09,32.5099983215332,32.97999954223633,32.18000030517578,32.58000183105469,32.58000183105469,-0.5844823836961757,0.2770087655844522,0.0900001525878906,0.09000015258789062
2012-07-10,32.849998474121094,33.22999954223633,32.66999816894531,32.79999923706055,32.79999923706055,-0.6298792717411059,0.6752528963830828,0.2199974060058593,0.21999740600585938
2012-07-11,32.790000915527344,32.849998474121094,32.15999984741211,32.540000915527344,32.540000915527344,-0.464314150636066,-0.7926778279904068,-0.2599983215332031,-0.2599983215332031
2012-07-12,32.2400016784668,33.33000183105469,32.099998474121094,33.20000076293945,33.20000076293945,-0.4276312163335062,2.0282723689081683,0.6599998474121094,0.6599998474121094
2012-07-13,33.25,34.709999084472656,33.25,33.7400016784668,33.7400016784668,-0.399943331055329,1.626508744331523,0.5400009155273438,0.5400009155273438
2012-07-16,33.59000015258789,34.650001525878906,33.150001525878906,33.95000076293945,33.95000076293945,-0.4662818176101497,0.6224038945637611,0.2099990844726562,0.20999908447265625
2012-07-17,33.959999084472656,34.209999084472656,33.290000915527344,33.459999084472656,33.459999084472656,-0.0235567484413248,-1.443303880575142,-0.4900016784667969,-0.4900016784667969
2012-07-18,33.38999938964844,34.150001525878906,33.16999816894531,33.70000076293945,33.70000076293945,-0.4194794531551596,0.7172793934061117,0.2400016784667968,0.24000167846679688
2012-07-19,33.81999969482422,34.36000061035156,33.02000045776367,34.099998474121094,34.099998474121094,-0.4322692884867035,1.1869368015609227,0.3999977111816406,0.3999977111816406
2012-07-20,33.7400016784668,34.380001068115234,33.65999984741211,34.11000061035156,34.11000061035156,-0.6159650552815142,0.0293317791144831,0.0100021362304687,0.01000213623046875
2012-07-23,33.380001068115234,34.08000183105469,32.619998931884766,33.63999938964844,33.63999938964844,-0.5631191422632672,-1.3778985995106965,-0.470001220703125,-0.470001220703125
2012-07-24,33.720001220703125,33.720001220703125,32.400001525878906,32.58000183105469,32.58000183105469,0.1892323800417229,-3.151003501266203,-1.05999755859375,-1.05999755859375
2012-07-25,36.540000915527344,42.060001373291016,36.34999847412109,41.310001373291016,41.310001373291016,5.494484185094303,26.795577199492502,8.729999542236328,8.729999542236328
2012-07-26,42.119998931884766,43.5099983215332,41.29999923706055,42.54999923706055,42.54999923706055,1.7095362128033669,3.001689233956917,1.2399978637695312,1.2399978637695312
2012-07-27,42.86000061035156,44.72999954223633,42.5,44.09000015258789,44.09000015258789,0.0259160211927787,3.619273661904132,1.5400009155273438,1.5400009155273438
2012-07-30,43.959999084472656,43.959999084472656,42.47999954223633,43.4900016784668,43.4900016784668,0.0202941155525396,-1.3608493355513729,-0.5999984741210938,-0.5999984741210938
2012-07-31,43.400001525878906,43.400001525878906,42.220001220703125,42.290000915527344,42.290000915527344,0.0294297122179281,-2.759256648945152,-1.2000007629394531,-1.2000007629394531
2012-08-01,42.84999847412109,43.0,41.7599983215332,41.93999862670898,41.93999862670898,0.0545877399579978,-0.827624216697187,-0.3500022888183665,-0.3500022888183665
2012-08-02,41.790000915527344,42.52000045776367,41.619998931884766,42.130001068115234,42.130001068115234,0.035894903704203,0.4530339714538201,0.1900024414062571,0.1900024414062571
2012-08-03,42.02000045776367,43.0,41.869998931884766,42.27000045776367,42.27000045776367,-0.1407734810403089,0.3323033137883957,0.1399993896484375,0.1399993896484375
2012-08-06,42.150001525878906,42.95000076293945,42.0,42.040000915527344,42.040000915527344,-0.5635407851862851,-0.5441200372499289,-0.2299995422363281,-0.22999954223632812
2012-08-07,42.5099983215332,43.560001373291016,42.040000915527344,43.130001068115234,43.130001068115234,-0.6010670053348808,2.592769098121739,1.0900001525878906,1.0900001525878906
2012-08-08,42.95000076293945,43.4900016784668,42.369998931884766,43.040000915527344,43.040000915527344,-0.7879953678728291,-0.2086718069998494,-0.0900001525878906,-0.09000015258789062
2012-08-09,42.93999862670898,44.54999923706055,42.79999923706055,44.34000015258789,44.34000015258789,-0.5052135141688051,3.020444259775923,1.2999992370605469,1.2999992370605469
2012-08-10,44.0099983215332,44.09999847412109,43.13999938964844,43.810001373291016,43.810001373291016,-0.6041590534370123,-1.1953062189286934,-0.529998779296875,-0.529998779296875
2012-08-13,43.68000030517578,44.09000015258789,42.91999816894531,43.83000183105469,43.83000183105469,-0.6599564669163848,0.0456527211520896,0.0200004577636718,0.020000457763671875
2012-08-14,44.27000045776367,44.97999954223633,43.33000183105469,43.75,43.75,-0.3223610332200301,-0.1825275558122507,-0.0800018310546875,-0.0800018310546875
2012-08-15,43.90999984741211,45.369998931884766,43.90999984741211,44.81999969482422,44.81999969482422,-0.1431627909374105,2.4457135881696512,1.0699996948242188,1.0699996948242188
2012-08-16,44.709999084472656,45.84999847412109,44.369998931884766,45.58000183105469,45.58000183105469,-0.4693738657122812,1.6956763529791583,0.7600021362304688,0.7600021362304688
2012-08-17,45.59999847412109,47.470001220703125,45.41999816894531,47.060001373291016,47.060001373291016,-0.2894728852246317,3.2470370398887782,1.479999542236328,1.4799995422363281
2012-08-20,46.79999923706055,47.27999877929688,45.86000061035156,46.09999847412109,46.09999847412109,-0.4169495956170521,-2.039955102327684,-0.960002899169929,-0.960002899169929
2012-08-21,46.20000076293945,46.34000015258789,44.900001525878906,45.5099983215332,45.5099983215332,-0.476260700121574,-1.2798268375628918,-0.5900001525878835,-0.5900001525878835
2012-08-22,45.54999923706055,45.63999938964844,44.619998931884766,44.84000015258789,44.84000015258789,-0.3566546576254883,-1.4721999421131615,-0.6699981689453125,-0.6699981689453125
2012-08-23,44.81999969482422,44.84000015258789,44.34999847412109,44.5099983215332,44.5099983215332,-0.4304421691536257,-0.7359541256282576,-0.3300018310546875,-0.3300018310546875
2012-08-24,44.31999969482422,45.970001220703125,44.27999877929688,45.79999923706055,45.79999923706055,-0.3478001562421118,2.898227284145416,1.2900009155273438,1.2900009155273438
2012-08-27,46.060001373291016,46.630001068115234,45.880001068115234,46.52999877929688,46.52999877929688,-0.5864500506702592,1.593885489949165,0.7299995422363352,0.7299995422363352
2012-08-28,46.31999969482422,46.70000076293945,46.04999923706055,46.40999984741211,46.40999984741211,-0.5673355714934465,-0.2578958414633847,-0.1199989318847727,-0.11999893188477273
2012-08-29,46.59000015258789,47.290000915527344,46.2599983215332,47.2599983215332,47.2599983215332,-0.346956870396076,1.831498549699928,0.8499984741210938,0.8499984741210938
2012-08-30,46.97999954223633,47.08000183105469,46.77000045776367,46.90999984741211,46.90999984741211,-0.6142784835894426,-0.74058080099767,-0.3499984741210937,-0.34999847412109375
2012-08-31,47.2599983215332,47.459999084472656,46.40999984741211,46.65999984741211,46.65999984741211,-0.7077426648584166,-0.5329354099620431,-0.25,-0.25
2012-09-04,46.65999984741211,49.2599983215332,46.65999984741211,48.72999954223633,48.72999954223633,-0.1714128667796117,4.436347410187636,2.0699996948242188,2.0699996948242188
2012-09-05,48.70000076293945,49.459999084472656,48.47999954223633,48.810001373291016,48.810001373291016,-0.3621360156247213,0.1641736749563138,0.0800018310546875,0.0800018310546875
2012-09-06,48.79999923706055,49.43000030517578,48.15999984741211,49.16999816894531,49.16999816894531,-0.46417360299506,0.73754719427499,0.3599967956542969,0.3599967956542969
2012-09-07,48.959999084472656,49.27000045776367,48.29999923706055,49.09000015258789,49.09000015258789,-0.6048617916420421,-0.1626968056467115,-0.0799980163574218,-0.07999801635742188
2012-09-10,49.04999923706055,49.34999847412109,48.560001373291016,48.86000061035156,48.86000061035156,-0.7331817878804984,-0.4685262609928964,-0.2299995422363281,-0.22999954223632812
2012-09-11,49.08000183105469,49.08000183105469,48.08000183105469,48.130001068115234,48.130001068115234,-0.5201115641154386,-1.4940637190284267,-0.7299995422363281,-0.7299995422363281
2012-09-12,48.40999984741211,49.68000030517578,48.40999984741211,49.59999847412109,49.59999847412109,-0.6127324595383769,3.0542226748041523,1.4699974060058525,1.4699974060058523
2012-09-13,49.58000183105469,51.29999923706055,48.61000061035156,50.7400016784668,50.7400016784668,-0.33458867798755,2.298393627855666,1.1400032043457102,1.1400032043457102
2012-09-14,50.9900016784668,54.0,50.95000076293945,53.72999954223633,53.72999954223633,0.236034744496713,5.892782350928538,2.9899978637695312,2.9899978637695312
2012-09-17,53.54999923706055,53.59000015258789,52.16999816894531,52.709999084472656,52.709999084472656,-0.2608011664594126,-1.898381660997161,-1.020000457763672,-1.0200004577636719
2012-09-18,51.65999984741211,51.84999847412109,49.90999984741211,50.75,50.75,0.0277431405258564,-3.7184578230243903,-1.959999084472656,-1.9599990844726562
2012-09-19,50.68000030517578,52.0,50.54999923706055,51.63999938964844,51.63999938964844,-0.4286150498205481,1.7536933786176157,0.8899993896484375,0.8899993896484375
2012-09-20,51.150001525878906,51.95000076293945,50.65999984741211,51.84999847412109,51.84999847412109,-0.6650161819925999,0.4066597346140677,0.2099990844726491,0.20999908447264914
2012-09-21,52.40999984741211,53.0,52.119998931884766,52.97999954223633,52.97999954223633,1.2266145183068329,2.1793656728442024,1.1300010681152417,1.1300010681152415
2012-09-24,53.0,53.16999816894531,50.959999084472656,51.84000015258789,51.84000015258789,-0.3076035309144026,-2.1517542459388195,-1.1399993896484375,-1.1399993896484375
2012-09-25,52.20000076293945,52.56999969482422,50.75,50.880001068115234,50.880001068115234,-0.352297680754303,-1.8518500803374915,-0.9599990844726562,-0.9599990844726562
2012-09-26,50.900001525878906,51.5,49.08000183105469,50.45000076293945,50.45000076293945,-0.2475896882048508,-0.8451263682170973,-0.4300003051757812,-0.43000030517578125
2012-09-27,50.58000183105469,50.9900016784668,50.18999862670898,50.540000915527344,50.540000915527344,-0.411187142335807,0.1783947497063343,0.0900001525878906,0.09000015258789062
2012-09-28,50.459999084472656,51.209999084472656,50.18999862670898,50.68000030517578,50.68000030517578,-0.6860983281434964,0.2770070975709471,0.1399993896484375,0.1399993896484375
2012-10-01,51.18000030517578,51.7400016784668,50.77999877929688,51.20000076293945,51.20000076293945,-0.4671251034561856,1.026046674491754,0.5200004577636719,0.5200004577636719
2012-10-02,48.709999084472656,49.66999816894531,47.310001373291016,48.5099983215332,48.5099983215332,2.5106577665374306,-5.253910940082207,-2.69000244140625,-2.69000244140625
2012-10-03,48.93000030517578,49.93000030517578,48.2400016784668,49.79999923706055,49.79999923706055,-0.0190592239291336,2.6592474956955936,1.2900009155273438,1.2900009155273438
2012-10-04,50.18999862670898,50.93999862670898,49.97999954223633,50.7400016784668,50.7400016784668,-0.364244230239811,1.8875551321428707,0.94000244140625,0.94000244140625
2012-10-05,51.0,51.90999984741211,50.56999969482422,50.720001220703125,50.720001220703125,-0.5223603263715342,-0.0394175346906999,-0.0200004577636718,-0.020000457763671875
2012-10-08,50.5,51.86000061035156,50.5,51.47999954223633,51.47999954223633,-0.3670551830599305,1.4984193675905866,0.7599983215332031,0.7599983215332031
2012-10-09,51.470001220703125,51.470001220703125,49.02000045776367,49.470001220703125,49.470001220703125,-0.2674069055866934,-3.904425678722312,-2.009998321533203,-2.009998321533203
2012-10-10,49.52999877929688,50.25,49.060001373291016,49.13999938964844,49.13999938964844,-0.6161056029225203,-0.6670746369753067,-0.3300018310546875,-0.3300018310546875
2012-10-11,49.619998931884766,50.0,48.58000183105469,48.7599983215332,48.7599983215332,-0.6481504650718828,-0.7733029565223926,-0.3800010681152344,-0.3800010681152344
2012-10-12,48.88999938964844,49.0,47.88999938964844,48.13999938964844,48.13999938964844,-0.67654108855509,-1.2715318975123235,-0.6199989318847656,-0.6199989318847656
2012-10-15,48.310001373291016,50.29999923706055,48.29999923706055,50.09999847412109,50.09999847412109,-0.1591852220120918,4.071456396599182,1.9599990844726487,1.9599990844726491
2012-10-16,50.29999923706055,51.79999923706055,50.29999923706055,51.310001373291016,51.310001373291016,-0.5924935992335163,2.4151755210031656,1.210002899169929,1.210002899169929
2012-10-17,51.52999877929688,53.09999847412109,51.2599983215332,51.630001068115234,51.630001068115234,-0.6595348239933668,0.623659493782025,0.3199996948242187,0.31999969482421875
2012-10-18,51.43000030517578,51.93999862670898,50.68999862670898,51.27999877929688,51.27999877929688,-0.7262949534712055,-0.6779048645701113,-0.3500022888183522,-0.35000228881835227
2012-10-19,51.02000045776367,51.2400016784668,50.209999084472656,50.83000183105469,50.83000183105469,-0.5934774327205581,-0.8775291711275779,-0.4499969482421946,-0.4499969482421946
2012-10-22,50.65999984741211,50.790000915527344,49.220001220703125,50.43000030517578,50.43000030517578,-0.3000139583000799,-0.7869398218957491,-0.4000015258789062,-0.40000152587890625
2012-10-23,49.810001373291016,50.56999969482422,48.630001068115234,50.13999938964844,50.13999938964844,-0.4259446446414345,-0.5750563429950617,-0.2900009155273437,-0.29000091552734375
2012-10-24,56.810001373291016,58.79999923706055,55.54999923706055,55.810001373291016,55.810001373291016,2.974324434216146,11.308340751223,5.670001983642578,5.670001983642578
2012-10-25,56.83000183105469,56.9900016784668,53.38999938964844,53.75,53.75,0.3727875991955278,-3.691097155709566,-2.060001373291016,-2.0600013732910156
2012-10-26,53.5,54.84000015258789,52.5,53.16999816894531,53.16999816894531,-0.4102033088487652,-1.079073174055234,-0.5800018310546875,-0.5800018310546875
2012-10-31,55.40999984741211,57.27000045776367,54.40999984741211,55.81999969482422,55.81999969482422,0.035473260781185,4.9840165829207805,2.6500015258789062,2.6500015258789062
2012-11-01,56.13999938964844,57.619998931884766,56.09000015258789,57.59000015258789,57.59000015258789,-0.1650882229343428,3.1709073225376416,1.770000457763672,1.7700004577636719
2012-11-02,57.84000015258789,58.5,55.77999877929688,56.09000015258789,56.09000015258789,0.4073623188829979,-2.604618850539442,-1.5,-1.5
2012-11-05,56.0,57.15999984741211,55.16999816894531,56.540000915527344,56.540000915527344,-0.6544751089171518,0.8022834047339389,0.4500007629394531,0.4500007629394531
2012-11-06,56.630001068115234,57.66999816894531,56.630001068115234,57.470001220703125,57.470001220703125,-0.4378911941269425,1.644853714391048,0.9300003051757812,0.9300003051757812
2012-11-07,57.09000015258789,58.43999862670898,57.0,58.040000915527344,58.040000915527344,0.2791828702855477,0.9918212679955296,0.5699996948242188,0.5699996948242188
2012-11-08,58.0,58.290000915527344,55.900001525878906,56.11000061035156,56.11000061035156,-0.3199717233229285,-3.325293374796368,-1.9300003051757808,-1.9300003051757812
2012-11-09,55.65999984741211,55.75,54.560001373291016,55.209999084472656,55.209999084472656,-0.2839915272253986,-1.603994860254676,-0.9000015258789062,-0.9000015258789062
2012-11-12,55.59000015258789,56.02000045776367,54.75,55.119998931884766,55.119998931884766,-0.818213110689114,-0.1630142258292499,-0.0900001525878906,-0.09000015258789062
2012-11-13,52.59999847412109,54.709999084472656,51.709999084472656,53.900001525878906,53.900001525878906,0.2149525983458166,-2.213348021855888,-1.2199974060058594,-1.2199974060058594
2012-11-14,54.560001373291016,56.11000061035156,52.68000030517578,53.0,53.0,-0.0364871314138746,-1.6697615962901091,-0.9000015258789062,-0.9000015258789062
2012-11-15,52.77000045776367,53.06999969482422,50.630001068115234,50.95000076293945,50.95000076293945,0.3025137786925397,-3.86792308879349,-2.049999237060547,-2.049999237060547
2012-11-16,51.45000076293945,54.2400016784668,50.88999938964844,53.68999862670898,53.68999862670898,-0.0083776032126794,5.377817120196338,2.739997863769524,2.739997863769524
2012-11-19,54.59000015258789,55.709999084472656,54.060001373291016,54.34000015258789,54.34000015258789,-0.3004356012230978,1.210656626009965,0.6500015258789134,0.6500015258789134
2012-11-20,54.43000030517578,55.45000076293945,54.02999877929688,54.56999969482422,54.56999969482422,-0.6516641560970322,0.4232601059817487,0.2299995422363281,0.22999954223632812
2012-11-21,54.66999816894531,55.0,53.720001220703125,54.650001525878906,54.650001525878906,-0.8315651365846817,0.1466040525968326,0.0800018310546875,0.0800018310546875
2012-11-23,54.970001220703125,55.040000915527344,54.470001220703125,54.77000045776367,54.77000045776367,-0.9448465352354984,0.2195771793856993,0.1199989318847656,0.11999893188476562
2012-11-26,54.65999984741211,55.0,53.18999862670898,54.31999969482422,54.31999969482422,-0.3389456548587353,-0.82161906002991,-0.4500007629394531,-0.4500007629394531
2012-11-27,54.369998931884766,55.5,53.84999847412109,54.13999938964844,54.13999938964844,-0.7702863651060761,-0.3313702249393313,-0.1800003051757812,-0.18000030517578125
2012-11-28,54.02999877929688,54.77000045776367,52.900001525878906,53.36000061035156,53.36000061035156,-0.0599585874618727,-1.4407070337832506,-0.779998779296875,-0.779998779296875
2012-11-29,53.36000061035156,53.9900016784668,52.95000076293945,53.86000061035156,53.86000061035156,-0.6224302467677891,0.9370314735397622,0.5,0.5
2012-11-30,54.060001373291016,54.36000061035156,53.02999877929688,53.68000030517578,53.68000030517578,-0.5369772810361557,-0.3342003400222504,-0.1800003051757812,-0.18000030517578125
2012-12-03,53.7400016784668,54.52999877929688,53.09999847412109,53.15999984741211,53.15999984741211,-0.6201814845116935,-0.9687042749765618,-0.5200004577636719,-0.5200004577636719
2012-12-04,53.41999816894531,53.84000015258789,52.22999954223633,52.59999847412109,52.59999847412109,-0.446605147869313,-1.0534262131272063,-0.5600013732910227,-0.5600013732910227
2012-12-05,52.650001525878906,52.650001525878906,50.22999954223633,51.52999877929688,51.52999877929688,-0.175629296009791,-2.034220011148169,-1.0699996948242043,-1.0699996948242045
2012-12-06,51.40999984741211,52.25,50.65999984741211,51.79999923706055,51.79999923706055,-0.4952346316573808,0.523967522141966,0.2700004577636647,0.27000045776366477
2012-12-07,52.040000915527344,52.18999862670898,50.56999969482422,51.11000061035156,51.11000061035156,-0.6914391385017234,-1.3320437005244656,-0.6899986267089844,-0.6899986267089844
2012-12-10,51.119998931884766,51.619998931884766,50.20000076293945,50.310001373291016,50.310001373291016,-0.6110458878463051,-1.5652499070769266,-0.7999992370605469,-0.7999992370605469
2012-12-11,50.5,50.5,48.59999847412109,49.0,49.0,-0.1019823321226595,-2.603858750809896,-1.3100013732910156,-1.3100013732910156
2012-12-12,49.18000030517578,50.400001525878906,48.90999984741211,49.40999984741211,49.40999984741211,-0.540631519702311,0.8367343824736917,0.4099998474121094,0.4099998474121094
2012-12-13,49.400001525878906,50.11000061035156,49.31999969482422,49.560001373291016,49.560001373291016,-0.6953744724498908,0.3035853599314686,0.1500015258789062,0.15000152587890625
2012-12-14,49.34000015258789,49.63999938964844,48.93000030517578,48.95000076293945,48.95000076293945,-0.5629785946222613,-1.2308325130118036,-0.6100006103515625,-0.6100006103515625
2012-12-17,48.88999938964844,51.08000183105469,48.7599983215332,51.08000183105469,51.08000183105469,-0.0197619621341635,4.351381072353067,2.1300010681152344,2.1300010681152344
2012-12-18,51.27000045776367,52.2400016784668,51.150001525878906,51.68000030517578,51.68000030517578,-0.4651574364821019,1.1746250051156482,0.5999984741210938,0.5999984741210938
2012-12-19,51.560001373291016,51.84999847412109,50.77000045776367,51.0099983215332,51.0099983215332,-0.4823042486848309,-1.296443459145025,-0.6700019836425781,-0.6700019836425781
2012-12-20,50.900001525878906,51.66999816894531,50.540000915527344,51.66999816894531,51.66999816894531,-0.5146302061162055,1.2938636916862922,0.6599998474121094,0.6599998474121094
2012-12-21,51.25,51.459999084472656,50.59999847412109,51.459999084472656,51.459999084472656,-0.2808994791232672,-0.4064236344387351,-0.2099990844726562,-0.20999908447265625
2012-12-24,51.34000015258789,52.13999938964844,51.22999954223633,51.310001373291016,51.310001373291016,-0.8716212142713848,-0.2914840922080386,-0.1499977111816406,-0.14999771118164062
2012-12-26,51.41999816894531,52.459999084472656,51.0099983215332,51.33000183105469,51.33000183105469,-0.4806176769927592,0.0389796476873316,0.0200004577636718,0.020000457763671875
2012-12-27,51.25,51.61000061035156,49.72999954223633,50.77999877929688,50.77999877929688,-0.5553890220079386,-1.071504056376349,-0.5500030517578054,-0.5500030517578054
2012-12-28,50.41999816894531,52.22999954223633,50.2400016784668,51.56999969482422,51.56999969482422,-0.5026836566306975,1.5557324429267716,0.7900009155273366,0.7900009155273366
2012-12-31,51.459999084472656,52.900001525878906,51.34999847412109,52.83000183105469,52.83000183105469,-0.6097809590772513,2.443285134160922,1.2600021362304688,1.2600021362304688
2013-01-02,54.459999084472656,55.20000076293945,53.04999923706055,53.54999923706055,53.54999923706055,-0.2682501914327293,1.3628570529078177,0.7199974060058594,0.7199974060058594
2013-01-03,53.7599983215332,53.869998931884766,52.720001220703125,53.0,53.0,-0.6773843744011259,-1.027076087575196,-0.5499992370605469,-0.5499992370605469
2013-01-04,53.09000015258789,53.75,52.84000015258789,53.4900016784668,53.4900016784668,-0.823272825765329,0.9245314688052676,0.4900016784667969,0.4900016784667969
2013-01-07,53.33000183105469,53.59000015258789,52.560001373291016,53.04999923706055,53.04999923706055,-0.8307218507386458,-0.8225881989145312,-0.44000244140625,-0.44000244140625
2013-01-08,53.220001220703125,54.88999938964844,52.77999877929688,54.7599983215332,54.7599983215332,-0.4811798675567831,3.223372495881316,1.7099990844726562,1.7099990844726562
2013-01-09,55.0,56.36000061035156,55.0,55.16999816894531,55.16999816894531,-0.2099229204152492,0.7487214389684915,0.4099998474121094,0.4099998474121094
2013-01-10,55.540000915527344,56.56999969482422,54.91999816894531,56.27000045776367,56.27000045776367,-0.4741524855064843,1.9938414452178588,1.1000022888183594,1.1000022888183594
2013-01-11,56.20000076293945,57.2400016784668,56.11000061035156,56.81999969482422,56.81999969482422,-0.4040192126445022,0.9774288832170576,0.5499992370605469,0.5499992370605469
2013-01-14,56.68999862670898,56.81999969482422,55.130001068115234,55.33000183105469,55.33000183105469,-0.4931264170422911,-2.6223123403241733,-1.4899978637695312,-1.4899978637695312
2013-01-15,55.11000061035156,55.38999938964844,54.54999923706055,55.20000076293945,55.20000076293945,-0.5277011367297613,-0.2349558355558723,-0.1300010681152343,-0.13000106811523438
2013-01-16,55.08000183105469,55.09999847412109,53.970001220703125,54.400001525878906,54.400001525878906,-0.4884883448890939,-1.4492739601511984,-0.7999992370605469,-0.7999992370605469
2013-01-17,54.790000915527344,56.470001220703125,54.150001525878906,56.43999862670898,56.43999862670898,-0.3269991053732273,3.749994565458992,2.039997100830071,2.039997100830071
2013-01-18,56.5,57.38999938964844,55.790000915527344,56.08000183105469,56.08000183105469,-0.222993851028805,-0.6378398377280048,-0.3599967956542897,-0.35999679565428977
2013-01-22,56.31999969482422,56.54999923706055,55.34999847412109,56.369998931884766,56.369998931884766,-0.5978344095917434,0.5171132156944536,0.2899971008300781,0.2899971008300781
2013-01-23,56.47999954223633,56.70000076293945,55.209999084472656,56.2599983215332,56.2599983215332,-0.4546163634066537,-0.1951403449279465,-0.1100006103515625,-0.1100006103515625
2013-01-24,56.2599983215332,59.47999954223633,56.0,57.47999954223633,57.47999954223633,0.3131953994089939,2.168505611625981,1.220001220703125,1.220001220703125
2013-01-25,57.91999816894531,58.790000915527344,57.75,58.59999847412109,58.59999847412109,0.2710311071072011,1.948501984697804,1.1199989318847583,1.1199989318847585
2013-01-28,58.43999862670898,60.0,57.900001525878906,58.2400016784668,58.2400016784668,0.0066609943749599,-0.6143290188194706,-0.3599967956542897,-0.35999679565428977
2013-01-29,58.150001525878906,58.61000061035156,57.90999984741211,58.59000015258789,58.59000015258789,-0.6568644188142533,0.6009589011576111,0.3499984741210937,0.34999847412109375
2013-01-30,58.66999816894531,60.22999954223633,58.59999847412109,59.709999084472656,59.709999084472656,0.2330832440355875,1.9115871803514484,1.1199989318847656,1.1199989318847656
2013-01-31,59.86000061035156,60.40999984741211,58.90999984741211,59.18000030517578,59.18000030517578,-0.4442158379722114,-0.8876214828727025,-0.529998779296875,-0.529998779296875
2013-02-01,59.68000030517578,60.400001525878906,58.77000045776367,58.93999862670898,58.93999862670898,-0.3021221729151696,-0.4055452470922205,-0.2400016784668039,-0.24000167846680398
2013-02-04,58.79999923706055,59.20000076293945,57.11000061035156,57.34999847412109,57.34999847412109,-0.2161070166195121,-2.69765895764269,-1.5900001525878906,-1.5900001525878906
2013-02-05,57.90999984741211,59.54999923706055,57.630001068115234,59.470001220703125,59.470001220703125,-0.4450591238182473,3.6966047131434143,2.1200027465820384,2.1200027465820384
2013-02-06,59.150001525878906,59.400001525878906,58.58000183105469,58.86000061035156,58.86000061035156,-0.682725184759353,-1.0257282627046729,-0.6100006103515625,-0.6100006103515625
2013-02-07,58.90999984741211,60.459999084472656,58.90999984741211,59.93999862670898,59.93999862670898,-0.5383827574462154,1.834858996191513,1.0799980163574148,1.0799980163574148
2013-02-08,59.95000076293945,61.150001525878906,59.95000076293945,60.540000915527344,60.540000915527344,-0.6578482523012952,1.0010048424509144,0.6000022888183665,0.6000022888183665
2013-02-11,60.540000915527344,61.31999969482422,60.369998931884766,61.119998931884766,61.119998931884766,-0.3763313273663249,0.958040977182506,0.5799980163574219,0.5799980163574219
2013-02-12,61.36000061035156,62.290000915527344,61.20000076293945,62.25,62.25,-0.5975533143097314,1.8488237694090248,1.1300010681152344,1.1300010681152344
2013-02-13,62.25,63.08000183105469,62.16999816894531,62.93999862670898,62.93999862670898,-0.293548766813805,1.1084315288497626,0.6899986267089773,0.6899986267089773
2013-02-14,62.70000076293945,64.48999786376953,62.459999084472656,63.959999084472656,63.959999084472656,0.0883191737994321,1.620591801746296,1.020000457763679,1.020000457763679
2013-02-15,64.05999755859375,64.63999938964844,62.04999923706055,62.18999862670898,62.18999862670898,0.0190291867834858,-2.76735535193805,-1.770000457763679,-1.770000457763679
2013-02-19,62.470001220703125,62.77000045776367,60.34999847412109,62.43000030517578,62.43000030517578,0.4430614196985158,0.3859168415606406,0.2400016784668039,0.24000167846680398
2013-02-20,64.05000305175781,65.4800033569336,62.54999923706055,62.560001373291016,62.560001373291016,1.1923208939013743,0.2082349310904341,0.1300010681152343,0.13000106811523438
2013-02-21,63.0,63.0099983215332,56.66999816894531,58.84000015258789,58.84000015258789,1.5261215412905678,-5.946293380823553,-3.720001220703125,-3.720001220703125
2013-02-22,59.09000015258789,59.56999969482422,58.220001220703125,58.66999816894531,58.66999816894531,-0.0619262544359563,-0.2889224731504325,-0.1700019836425781,-0.17000198364257812
2013-02-25,58.88999938964844,59.0,54.61000061035156,54.75,54.75,0.4737008054378187,-6.681435642212463,-3.919998168945313,-3.9199981689453125
2013-02-26,55.0,57.9900016784668,53.72999954223633,57.75,57.75,1.0568329679716135,5.47945205479452,3.0,3.0
2013-02-27,57.25,59.63999938964844,57.09999847412109,59.2400016784668,59.2400016784668,-0.1968519898016934,2.5800894865225965,1.4900016784667969,1.4900016784667969
2013-02-28,59.25,60.36000061035156,58.630001068115234,59.18999862670898,59.18999862670898,-0.3871534957237851,-0.0844075799140253,-0.0500030517578196,-0.050003051757819605
2013-03-01,58.790000915527344,60.93999862670898,58.27999877929688,60.70000076293945,60.70000076293945,-0.3483623468061357,2.551110274141988,1.510002136230476,1.5100021362304759
2013-03-04,60.09999847412109,63.93999862670898,60.09999847412109,63.380001068115234,63.380001068115234,0.8555687460510558,4.415156954680088,2.680000305175781,2.6800003051757812
2013-03-05,63.7400016784668,64.52999877929688,62.52000045776367,63.97999954223633,63.97999954223633,0.0582419786241532,0.94666845063045,0.5999984741210938,0.5999984741210938
2013-03-06,64.41999816894531,66.47000122070312,64.41999816894531,64.62000274658203,64.62000274658203,0.1754587112231373,1.0003176131991198,0.6400032043457031,0.6400032043457031
2013-03-07,64.51000213623047,64.7699966430664,63.310001373291016,64.44999694824219,64.44999694824219,-0.3001545059410859,-0.263085408718644,-0.1700057983398437,-0.17000579833984375
2013-03-08,65.22000122070312,66.87000274658203,64.30000305175781,66.52999877929688,66.52999877929688,0.2332237916765935,3.227310984553,2.0800018310546875,2.0800018310546875
2013-03-11,66.54000091552734,67.38999938964844,66.0999984741211,67.25,67.25,-0.3354319638335859,1.0822204026962543,0.720001220703125,0.720001220703125
2013-03-12,67.30000305175781,68.27999877929688,67.02999877929688,67.27999877929688,67.27999877929688,-0.0832894958688647,0.0446078502555735,0.029998779296875,0.029998779296875
2013-03-13,67.52999877929688,68.22000122070312,66.5999984741211,67.27999877929688,67.27999877929688,-0.3960079971071616,0.0,0.0,0.0
2013-03-14,67.38999938964844,67.93000030517578,67.01000213623047,67.55999755859375,67.55999755859375,-0.6355011773813449,0.4161694179207309,0.279998779296875,0.279998779296875
2013-03-15,67.27999877929688,67.80000305175781,66.37999725341797,66.8499984741211,66.8499984741211,0.3732092421185457,-1.0509163856272874,-0.7099990844726562,-0.7099990844726562
2013-03-18,66.0,67.43000030517578,65.05999755859375,66.55000305175781,66.55000305175781,-0.4058463319775799,-0.4487590564110744,-0.2999954223632812,-0.29999542236328125
2013-03-19,67.08000183105469,67.29000091552734,65.69999694824219,66.45999908447266,66.45999908447266,-0.6478693697898709,-0.1352426193206302,-0.0900039672851562,-0.09000396728515625
2013-03-20,66.88999938964844,68.2699966430664,66.55000305175781,68.0199966430664,68.0199966430664,-0.4764012477625799,2.3472729161656325,1.55999755859375,1.55999755859375
2013-03-21,67.43000030517578,67.87000274658203,65.30999755859375,66.16999816894531,66.16999816894531,-0.5191277306283967,-2.7197861885070678,-1.8499984741210935,-1.8499984741210938
2013-03-22,66.4000015258789,67.3499984741211,66.36000061035156,66.94999694824219,66.94999694824219,-0.6682487777357374,1.178780113164546,0.779998779296875,0.779998779296875
2013-03-25,67.51000213623047,70.6500015258789,67.31999969482422,68.97000122070312,68.97000122070312,0.7020907220725299,3.0171835168604444,2.020004272460937,2.0200042724609375
2013-03-26,70.12000274658203,71.72000122070312,69.45999908447266,69.77999877929688,69.77999877929688,0.2662524873129979,1.1744201018668576,0.80999755859375,0.80999755859375
2013-03-27,69.36000061035156,70.5199966430664,69.1500015258789,69.47000122070312,69.47000122070312,-0.4631897695080182,-0.4442498767794789,-0.30999755859375,-0.30999755859375
2013-03-28,69.45999908447266,70.68000030517578,69.45999908447266,70.22000122070312,70.22000122070312,-0.6010670053348808,1.079602687233705,0.75,0.75
2013-04-01,70.25,71.08000183105469,68.51000213623047,68.62999725341797,68.62999725341797,-0.3091495549654683,-2.2643177722081465,-1.5900039672851562,-1.5900039672851562
2013-04-02,68.91999816894531,70.25,68.76000213623047,69.41999816894531,69.41999816894531,-0.5504698545727293,1.1511014820680288,0.7900009155273438,0.7900009155273438
2013-04-03,69.36000061035156,69.62000274658203,65.80000305175781,66.73999786376953,66.73999786376953,0.0856487686203185,-3.860559458174495,-2.680000305175781,-2.6800003051757812
2013-04-04,66.73999786376953,68.11000061035156,66.01000213623047,67.73999786376953,67.73999786376953,-0.5264362079607074,1.498351860965319,1.0,1.0
2013-04-05,66.12000274658203,68.1500015258789,63.880001068115234,68.05000305175781,68.05000305175781,-0.2390162821034863,0.4576397959322742,0.3100051879882812,0.31000518798828125
2013-04-08,68.0999984741211,69.0999984741211,67.20999908447266,69.05000305175781,69.05000305175781,-0.6509614178920023,1.4695076490142345,1.0,1.0
2013-04-09,69.37999725341797,69.37999725341797,67.5999984741211,68.0999984741211,68.0999984741211,-0.852787830376584,-1.375821195727711,-0.9500045776367188,-0.9500045776367188
2013-04-10,68.29000091552734,69.2699966430664,67.51000213623047,69.05999755859375,69.05999755859375,-0.6797736842982274,1.4096903171553876,0.9599990844726562,0.9599990844726562
2013-04-11,69.4000015258789,70.58000183105469,68.81999969482422,68.97000122070312,68.97000122070312,-0.611467530769323,-0.1303161614135128,-0.089996337890625,-0.089996337890625
2013-04-12,68.70999908447266,69.56999969482422,67.66999816894531,68.23999786376953,68.23999786376953,-0.7364143836236358,-1.0584360504759085,-0.7300033569335938,-0.7300033569335938
2013-04-15,67.69000244140625,68.4000015258789,64.55999755859375,65.01000213623047,65.01000213623047,-0.346535227473058,-4.733288142809212,-3.2299957275390625,-3.2299957275390625
2013-04-16,65.77999877929688,67.2300033569336,65.62999725341797,66.87000274658203,66.87000274658203,-0.5175817065773309,2.8610991374125483,1.8600006103515625,1.8600006103515625
2013-04-17,66.05999755859375,67.80000305175781,64.08000183105469,66.47000122070312,66.47000122070312,-0.2304428760021217,-0.598177821817647,-0.4000015258789062,-0.40000152587890625
2013-04-18,66.54000091552734,67.12999725341797,64.91999816894531,65.86000061035156,65.86000061035156,-0.2158259213375002,-0.9177081377299112,-0.6100006103515625,-0.6100006103515625
2013-04-19,66.19000244140625,68.18000030517578,65.58000183105469,67.37000274658203,67.37000274658203,-0.4686711275072512,2.2927454027279914,1.5100021362304688,1.5100021362304688
2013-04-22,67.38999938964844,69.41999816894531,66.54000091552734,69.1500015258789,69.1500015258789,-0.1704290332925699,2.642123655527362,1.779998779296875,1.779998779296875
2013-04-23,69.93000030517578,70.8499984741211,69.63999938964844,70.48999786376953,70.48999786376953,0.1109473440013942,1.937811002634815,1.339996337890625,1.339996337890625
2013-04-24,75.87999725341797,80.69999694824219,74.69999694824219,78.68000030517578,78.68000030517578,3.1654692259842734,11.618673130384296,8.19000244140625,8.19000244140625
2013-04-25,79.77999877929688,82.25,79.58999633789062,81.37000274658203,81.37000274658203,0.7854354731890737,3.418915138500944,2.69000244140625,2.69000244140625
2013-04-26,81.29000091552734,83.12000274658203,80.61000061035156,82.62999725341797,82.62999725341797,-0.0017718640853985,1.5484754384979649,1.2599945068359375,1.2599945068359375
2013-04-29,82.20999908447266,83.55999755859375,81.7300033569336,82.2699966430664,82.2699966430664,-0.0272109871074802,-0.4356778679871831,-0.3600006103515625,-0.3600006103515625
2013-04-30,81.91000366210938,82.75,81.69999694824219,81.95999908447266,81.95999908447266,-0.2159664689785062,-0.3768051188073995,-0.30999755859375,-0.30999755859375
2013-05-01,81.91000366210938,81.95999908447266,79.47000122070312,79.69000244140625,79.69000244140625,0.8460115064626494,-2.769639663766732,-2.2699966430664062,-2.2699966430664062
2013-05-02,79.87999725341797,81.12000274658203,79.75,80.48999786376953,80.48999786376953,-0.0355032979268328,1.0038842989765095,0.7999954223632812,0.7999954223632812
2013-05-03,81.5999984741211,82.68000030517578,81.1500015258789,81.9000015258789,81.9000015258789,-0.2990301248130381,1.751775002523703,1.410003662109375,1.410003662109375
2013-05-06,81.9000015258789,83.91000366210938,81.75,83.9000015258789,83.9000015258789,0.2520571755713943,2.4420023965054938,2.0,2.0
2013-05-07,84.3499984741211,84.73999786376953,82.7699966430664,84.19999694824219,84.19999694824219,-0.2728882635859265,0.3575630714032218,0.2999954223632812,0.29999542236328125
2013-05-08,84.25,84.61000061035156,82.51000213623047,84.55000305175781,84.55000305175781,-0.5188466353463848,0.4156842235169877,0.350006103515625,0.350006103515625
2013-05-09,84.25,85.9800033569336,84.05000305175781,85.22000122070312,85.22000122070312,-0.423414787103327,0.7924283202392912,0.6699981689453125,0.6699981689453125
2013-05-10,85.6500015258789,89.33999633789062,85.12000274658203,88.9800033569336,88.9800033569336,0.0395491423703584,4.412112276897062,3.7600021362304688,3.7600021362304688
2013-05-13,88.62000274658203,89.98999786376953,88.01000213623047,89.27999877929688,89.27999877929688,-0.0759810185365539,0.3371492594351544,0.2999954223632812,0.29999542236328125
2013-05-14,89.68000030517578,90.91999816894533,89.38999938964844,89.79000091552734,89.79000091552734,-0.3189878898358867,0.5712389596814527,0.5100021362304688,0.5100021362304688
2013-05-15,89.62999725341797,90.51000213623048,88.7699966430664,89.11000061035156,89.11000061035156,-0.2400001155905281,-0.7573229738749077,-0.6800003051757812,-0.6800003051757812
2013-05-16,88.87999725341797,89.62000274658203,87.05000305175781,87.5,87.5,-0.2792129074311955,-1.8067563677746532,-1.6100006103515625,-1.6100006103515625
2013-05-17,87.97000122070312,89.94000244140625,87.80000305175781,89.91000366210938,89.91000366210938,-0.3492056326521716,2.7542898995535747,2.410003662109375,2.410003662109375
2013-05-20,89.9000015258789,90.4800033569336,88.22000122070312,88.66999816894531,88.66999816894531,-0.2206045411317034,-1.379162988163285,-1.2400054931640625,-1.2400054931640625
2013-05-21,88.69999694824219,89.47000122070312,87.05999755859375,89.05000305175781,89.05000305175781,-0.4125926187458668,0.4285608330435231,0.3800048828125,0.3800048828125
2013-05-22,88.88999938964844,90.63999938964844,87.23999786376953,88.01000213623047,88.01000213623047,-0.2085174440051894,-1.167884199760072,-1.0400009155273438,-1.0400009155273438
2013-05-23,86.83999633789062,86.91999816894531,80.6500015258789,86.02999877929688,86.02999877929688,0.2091901450645716,-2.2497481068898817,-1.9800033569335935,-1.9800033569335938
2013-05-24,85.91000366210938,87.54000091552734,85.26000213623047,87.4000015258789,87.4000015258789,-0.6395770589705183,1.5924709589926422,1.3700027465820312,1.3700027465820312
2013-05-28,88.91000366210938,89.36000061035156,85.61000061035156,86.73999786376953,86.73999786376953,-0.1389463617072313,-0.7551529182913685,-0.660003662109375,-0.660003662109375
2013-05-29,86.30999755859375,86.54000091552734,82.80000305175781,83.87000274658203,83.87000274658203,-0.2255237085669126,-3.308733211747372,-2.8699951171875,-2.8699951171875
2013-05-30,83.76000213623047,84.8499984741211,82.0,82.30999755859375,82.30999755859375,-0.2547576178961556,-1.8600275866234584,-1.5600051879882812,-1.5600051879882812
2013-05-31,81.55999755859375,83.25,81.37999725341797,82.11000061035156,82.11000061035156,-0.1407734810403089,-0.2429801411424126,-0.1999969482421875,-0.1999969482421875
2013-06-03,82.22000122070312,82.55000305175781,77.88999938964844,80.95999908447266,80.95999908447266,0.2635820821338843,-1.4005620720138223,-1.1500015258789062,-1.1500015258789062
2013-06-04,80.83000183105469,82.37000274658203,78.12999725341797,78.51000213623047,78.51000213623047,-0.1313567890929085,-3.02618203550854,-2.4499969482421875,-2.4499969482421875
2013-06-05,78.13999938964844,79.9000015258789,76.62000274658203,77.05000305175781,77.05000305175781,-0.00486391218753,-1.859634498467177,-1.4599990844726562,-1.4599990844726562
2013-06-06,76.86000061035156,81.86000061035156,76.41000366210938,81.80999755859375,81.80999755859375,-0.063753373769034,6.177799245041493,4.7599945068359375,4.7599945068359375
2013-06-07,82.52999877929688,84.20999908447266,82.01000213623047,83.4000015258789,83.4000015258789,-0.0432334181821615,1.943532593490627,1.5900039672851562,1.5900039672851562
2013-06-10,83.5,84.38999938964844,82.12999725341797,83.37000274658203,83.37000274658203,-0.5156140396032474,-0.0359697586906682,-0.029998779296875,-0.029998779296875
2013-06-11,82.13999938964844,83.37000274658203,81.0999984741211,82.11000061035156,82.11000061035156,-0.564805713955339,-1.5113375251533443,-1.2600021362304688,-1.2600021362304688
2013-06-12,82.45999908447266,83.75,81.62000274658203,81.94000244140625,81.94000244140625,-0.31083612665754,-0.2070371059330833,-0.1699981689453125,-0.1699981689453125
2013-06-13,81.69000244140625,85.95999908447266,81.69000244140625,85.27999877929688,85.27999877929688,-0.1483630536546316,4.076148692183645,3.339996337890625,3.339996337890625
2013-06-14,85.41999816894531,86.79000091552734,84.61000061035156,85.77999877929688,85.77999877929688,-0.4221498583342732,0.5863039483548604,0.5,0.5
2013-06-17,86.51000213623047,89.23999786376953,86.51000213623047,87.37999725341797,87.37999725341797,0.1209262265128185,1.865234899615387,1.5999984741210938,1.5999984741210938
2013-06-18,87.61000061035156,88.68000030517578,86.80999755859375,88.4000015258789,88.4000015258789,-0.5067595382198709,1.1673201013073342,1.0200042724609375,1.0200042724609375
2013-06-19,88.4000015258789,88.4000015258789,86.0199966430664,86.02999877929688,86.02999877929688,-0.1812512016500301,-2.68099853582946,-2.3700027465820312,-2.3700027465820312
2013-06-20,84.36000061035156,84.5,80.70999908447266,82.16000366210938,82.16000366210938,1.492952298013157,-4.4984251680808,-3.8699951171875,-3.8699951171875
2013-06-21,82.5,82.55000305175781,74.30000305175781,76.62999725341797,76.62999725341797,3.78415994169258,-6.730776731016308,-5.530006408691406,-5.530006408691406
2013-06-24,73.19999694824219,77.58999633789062,71.62999725341797,76.33000183105469,76.33000183105469,1.321765271267879,-0.3914856232751562,-0.2999954223632812,-0.29999542236328125
2013-06-25,76.3499984741211,78.4800033569336,76.0999984741211,77.48999786376953,77.48999786376953,-0.1628394606782472,1.5197117842107757,1.1599960327148438,1.1599960327148438
2013-06-26,78.30999755859375,79.44999694824219,77.91000366210938,78.19000244140625,78.19000244140625,-0.3040898398892532,0.9033482990506104,0.7000045776367188,0.7000045776367188
2013-06-27,78.88999938964844,81.13999938964844,78.61000061035156,80.12999725341797,80.12999725341797,-0.2752775734830281,2.4811289825262595,1.9399948120117188,1.9399948120117188
2013-06-28,80.0,80.22000122070312,77.77999877929688,77.87000274658203,77.87000274658203,-0.1612934366271814,-2.820410064021983,-2.259994506835937,-2.2599945068359375
2013-07-01,77.87999725341797,80.25,77.87999725341797,79.12999725341797,79.12999725341797,-0.3534220618823508,1.618074306400663,1.2599945068359375,1.2599945068359375
2013-07-02,79.12000274658203,80.83999633789062,78.2300033569336,78.51000213623047,78.51000213623047,-0.5039485853997513,-0.7835146451502295,-0.6199951171875,-0.6199951171875
2013-07-03,78.0999984741211,81.0,78.0,80.37999725341797,80.37999725341797,-0.6139973883074306,2.381855899000862,1.8699951171875,1.8699951171875
2013-07-05,81.44999694824219,81.83000183105469,79.5199966430664,81.5,81.5,-0.6347984391763151,1.393384902777428,1.1200027465820312,1.1200027465820312
2013-07-08,82.0,83.68000030517578,81.80999755859375,82.54000091552734,82.54000091552734,-0.5274200414477493,1.276074742978328,1.0400009155273438,1.0400009155273438
2013-07-09,83.06999969482422,85.76000213623047,82.68000030517578,85.13999938964844,85.13999938964844,-0.0782297807926496,3.1499860010687053,2.5999984741210938,2.5999984741210938
2013-07-10,84.79000091552734,85.48999786376953,82.26000213623047,83.76000213623047,83.76000213623047,-0.3666335401369126,-1.6208565460546054,-1.3799972534179688,-1.3799972534179688
2013-07-11,84.62000274658203,86.23999786376953,84.41000366210938,84.81999969482422,84.81999969482422,-0.3629793014707572,1.2655175878216074,1.05999755859375,1.05999755859375
2013-07-12,84.80000305175781,86.94999694824219,84.80000305175781,86.6500015258789,86.6500015258789,-0.6742923262989944,2.1575121877374315,1.8300018310546875,1.8300018310546875
2013-07-15,87.5199966430664,88.05000305175781,85.88999938964844,86.30000305175781,86.30000305175781,-0.2622066428694724,-0.4039220634249663,-0.3499984741210937,-0.34999847412109375
2013-07-16,86.0999984741211,87.0,84.30000305175781,85.2699966430664,85.2699966430664,-0.1427411480143926,-1.193518391967685,-1.0300064086914062,-1.0300064086914062
2013-07-17,85.33000183105469,86.02999877929688,84.02999877929688,85.87000274658203,85.87000274658203,-0.3483623468061357,0.703654423756106,0.600006103515625,0.600006103515625
2013-07-18,85.83000183105469,87.33000183105469,85.12999725341797,87.05000305175781,87.05000305175781,-0.0190592239291336,1.374170568805244,1.1800003051757812,1.1800003051757812
2013-07-19,86.9000015258789,88.26000213623047,86.12999725341797,88.11000061035156,88.11000061035156,-0.3217988426560062,1.2176881349027724,1.05999755859375,1.05999755859375
2013-07-22,88.41000366210938,88.9000015258789,86.69000244140625,87.30000305175781,87.30000305175781,-0.4800554864287353,-0.9193026364575752,-0.80999755859375,-0.80999755859375
2013-07-23,87.79000091552734,88.12999725341797,85.0199966430664,86.61000061035156,86.61000061035156,0.0422195475494719,-0.7903807758141368,-0.69000244140625,-0.69000244140625
2013-07-24,93.3000030517578,96.0,91.52999877929688,92.61000061035156,92.61000061035156,1.659922895528257,6.927606463130398,6.0,6.0
2013-07-25,91.88999938964844,92.66000366210938,90.30999755859376,92.58000183105467,92.58000183105467,-0.0713429463833567,-0.0323925916198897,-0.0299987792968892,-0.02999877929688921
2013-07-26,91.68000030517578,93.9800033569336,91.63999938964844,93.54000091552734,93.54000091552734,-0.5368367333951497,1.0369400145665786,0.9599990844726703,0.9599990844726705
2013-07-29,93.51000213623048,94.0,92.26000213623048,93.68000030517578,93.68000030517578,-0.4595355308418628,0.1496679370089682,0.1399993896484375,0.1399993896484375
2013-07-30,94.05999755859376,95.98999786376952,93.23999786376952,95.41000366210938,95.41000366210938,-0.3619954679837154,1.8467157891736363,1.7300033569335938,1.7300033569335938
2013-07-31,95.37000274658205,98.08000183105467,95.36000061035156,96.81999969482422,96.81999969482422,-0.1738021766767133,1.477828297448025,1.4099960327148438,1.4099960327148438
2013-08-01,97.25,98.41000366210938,94.66999816894533,95.08000183105467,95.08000183105467,-0.2304428760021217,-1.7971471485788149,-1.7399978637695457,-1.7399978637695455
2013-08-02,94.80999755859376,97.08999633789062,94.12000274658205,96.4499969482422,96.4499969482422,-0.5444263060094724,1.440886717295009,1.3699951171875284,1.3699951171875284
2013-08-05,96.44000244140624,96.66000366210938,95.0199966430664,96.36000061035156,96.36000061035156,-0.717862095010847,-0.0933088032536999,-0.0899963378906392,-0.08999633789063921
2013-08-06,96.18000030517578,96.5500030517578,93.56999969482422,94.8000030517578,94.8000030517578,-0.5522969739058071,-1.618926472304505,-1.5599975585937642,-1.5599975585937642
2013-08-07,93.95999908447266,94.1500015258789,91.1999969482422,92.88999938964844,92.88999938964844,-0.45264869643257,-2.0147717306154056,-1.9100036621093608,-1.9100036621093608
2013-08-08,93.62999725341795,94.61000061035156,92.88999938964844,93.29000091552734,93.29000091552734,-0.3742231127512353,0.4306185041524246,0.4000015258789062,0.40000152587890625
2013-08-09,93.02999877929688,94.83999633789062,92.5500030517578,93.69000244140624,93.69000244140624,-0.3420377029608668,0.4287721320113347,0.400001525878892,0.40000152587889204
2013-08-12,92.66000366210938,95.91000366210938,92.62000274658205,95.8499984741211,95.8499984741211,-0.6284737953310462,2.30547120976512,2.159996032714858,2.159996032714858
2013-08-13,95.8499984741211,97.4000015258789,93.54000091552734,97.02999877929688,97.02999877929688,-0.1790024393939344,1.2310905831619534,1.1800003051757812,1.1800003051757812
2013-08-14,96.83000183105467,97.68000030517578,96.12000274658205,97.43000030517578,97.43000030517578,-0.4430914568441636,0.4122452137598653,0.4000015258789062,0.40000152587890625
2013-08-15,96.5,96.5,94.01000213623048,94.66000366210938,94.66000366210938,-0.4671251034561856,-2.843063362814391,-2.7699966430664062,-2.7699966430664062
2013-08-16,94.0,97.2300033569336,94.0,95.87999725341795,95.87999725341795,-0.3749258509562652,1.288816336478682,1.2199935913085795,1.2199935913085795
2013-08-19,96.4800033569336,98.83000183105467,95.38999938964844,96.1500015258789,96.1500015258789,-0.163682746524283,0.2816064666202544,0.2700042724609517,0.2700042724609517
2013-08-20,96.7300033569336,99.5199966430664,95.41999816894533,99.5,99.5,-0.0683914459222312,3.484137723304604,3.3499984741210938,3.3499984741210938
2013-08-21,98.77999877929688,101.73999786376952,98.55999755859376,99.8000030517578,99.8000030517578,-0.0076748650076495,0.3015106047816962,0.3000030517577983,0.3000030517577983
2013-08-22,100.29000091552734,103.12000274658205,99.9800033569336,102.68000030517578,102.68000030517578,-0.281742764969303,2.88576870275683,2.879997253417983,2.879997253417983
2013-08-23,102.77999877929688,103.31999969482422,98.75,99.52999877929688,99.52999877929688,-0.4134359045919026,-3.067784881687541,-3.1500015258789062,-3.1500015258789062
2013-08-26,100.0,101.2300033569336,99.19000244140624,100.0199966430664,100.0199966430664,-0.6681082300947314,0.4923117349333816,0.4899978637695312,0.48999786376953125
2013-08-27,99.23999786376952,99.23999786376952,96.43000030517578,97.01000213623048,97.01000213623048,-0.4151224762839743,-3.009392729313376,-3.0099945068359237,-3.0099945068359233
2013-08-28,96.75,99.79000091552734,96.1500015258789,99.11000061035156,99.11000061035156,-0.5612920229301895,2.16472366547531,2.0999984741210795,2.0999984741210795
2013-08-29,98.66999816894533,103.0,98.26000213623048,101.5500030517578,101.5500030517578,-0.6220086038447712,2.461913456139553,2.440002441406236,2.440002441406236
2013-08-30,101.6500015258789,101.6500015258789,99.0999984741211,99.41999816894533,99.41999816894533,-0.8262243262264546,-2.097493666964101,-2.130004882812472,-2.1300048828124716
2013-09-03,100.54000091552734,100.91000366210938,98.16000366210938,99.01000213623048,99.01000213623048,-0.6297387241000999,-0.4123878900280542,-0.4099960327148437,-0.40999603271484375
2013-09-04,99.16000366210938,101.0500030517578,98.3000030517578,99.55999755859376,99.55999755859376,-0.6789303984521916,0.5554948091067935,0.5499954223632812,0.5499954223632812
2013-09-05,99.30999755859376,101.0500030517578,99.1999969482422,99.52999877929688,99.52999877929688,-0.7031045927052195,-0.0301313580077566,-0.0299987792968892,-0.02999877929688921
2013-09-06,100.98999786376952,101.62000274658205,98.45999908447266,99.61000061035156,99.61000061035156,-0.629457628818088,0.0803796162321734,0.0800018310546875,0.0800018310546875
2013-09-09,100.36000061035156,104.0,100.36000061035156,103.02999877929688,103.02999877929688,-0.458270602072809,3.4333883626037176,3.4199981689453125,3.4199981689453125
2013-10-03,105.97000122070312,106.22000122070312,103.0199966430664,105.5500030517578,105.5500030517578,-0.4301610738716138,2.445893722525505,2.5200042724609237,2.5200042724609233
2013-10-07,106.04000091552734,107.0,103.9000015258789,104.68000030517578,104.68000030517578,-0.2353620434373309,-0.8242564864307966,-0.870002746582017,-0.870002746582017
2013-10-08,104.43000030517578,105.5,102.4800033569336,102.5,102.5,-0.0425306799771316,-2.082537541861273,-2.180000305175781,-2.1800003051757812
2013-10-09,102.58000183105467,103.79000091552734,99.4000015258789,102.52999877929688,102.52999877929688,-0.2317078047711755,0.0292671017530388,0.029998779296875,0.029998779296875
2013-11-25,101.75,104.02999877929688,97.0500030517578,102.97000122070312,102.97000122070312,1.3684270880818628,0.4291450762165638,0.44000244140625,0.44000244140625
2013-11-26,102.87999725341795,104.6999969482422,102.87999725341795,103.68000030517578,103.68000030517578,-0.0896141397141336,0.6895203224780655,0.7099990844726562,0.7099990844726562
2013-11-27,103.6500015258789,103.91999816894533,99.25,101.16999816894533,101.16999816894533,0.2663930349540038,-2.420912547108811,-2.5100021362304545,-2.5100021362304545
2013-11-29,101.43000030517578,101.69000244140624,99.27999877929688,100.69000244140624,100.69000244140624,-0.3927754013640241,-0.474444732852064,-0.4799957275390909,-0.4799957275390909
2013-12-02,100.54000091552734,100.69000244140624,96.12000274658205,96.18000030517578,96.18000030517578,-0.010766913109781,-4.479096262665127,-4.510002136230455,-4.5100021362304545
2013-12-03,95.1500015258789,97.0,92.76000213623048,96.87999725341795,96.87999725341795,0.7182537007882172,0.7277988625713272,0.6999969482421733,0.6999969482421733
2013-12-04,96.7300033569336,97.66000366210938,95.12999725341795,96.41000366210938,96.41000366210938,-0.1338866466310161,-0.4851296497038193,-0.4699935913085795,-0.46999359130857954
2013-12-05,96.5,98.58999633789062,95.83000183105467,97.55999755859376,97.55999755859376,0.177145282915209,1.1928159452361475,1.1499938964843892,1.1499938964843892
2013-12-06,99.04000091552734,105.5500030517578,99.04000091552734,104.1999969482422,104.1999969482422,1.2239441131277191,6.806067605383559,6.6399993896484375,6.6399993896484375
2013-12-09,103.94000244140624,104.5999984741211,102.8000030517578,103.8000030517578,103.8000030517578,0.0075042802209958,-0.3838713130510762,-0.3999938964844034,-0.3999938964844034
2013-12-11,89.12999725341797,92.0,85.58000183105469,90.91000366210938,90.91000366210938,2.624782451034283,-12.41811080026759,-12.889999389648423,-12.889999389648423
2013-12-12,90.9499969482422,92.44000244140624,90.0999984741211,90.2300033569336,90.2300033569336,0.0904273884145217,-0.7479928256335588,-0.6800003051757812,-0.6800003051757812
2013-12-13,90.70999908447266,90.9800033569336,88.36000061035156,89.48999786376953,89.48999786376953,-0.0983280934565041,-0.8201324012332534,-0.7400054931640625,-0.7400054931640625
2013-12-16,93.37999725341795,95.0,92.1500015258789,94.41000366210938,94.41000366210938,0.9739098597780876,5.497827596140481,4.920005798339844,4.920005798339844
2013-12-17,94.05999755859376,94.7699966430664,92.8499984741211,93.81999969482422,93.81999969482422,-0.3944619730560958,-0.6249379773321073,-0.5900039672851562,-0.5900039672851562
2013-12-18,94.22000122070312,99.86000061035156,93.73999786376952,99.5,99.5,1.1511404350866237,6.054146582446784,5.680000305175781,5.680000305175781
2013-12-19,99.05999755859376,102.81999969482422,98.0,102.2699966430664,102.2699966430664,2.0180382848114844,2.783916224187344,2.7699966430664062,2.7699966430664062
2013-12-20,102.27999877929688,103.22000122070312,99.01000213623048,100.88999938964844,100.88999938964844,0.994710910646972,-1.3493666751885347,-1.3799972534179688,-1.3799972534179688
2013-12-23,101.37999725341795,102.58000183105467,100.51000213623048,101.1999969482422,101.1999969482422,-0.2943920526598408,0.3072629204769139,0.3099975585937642,0.3099975585937642
2013-12-24,101.66000366210938,102.63999938964844,101.02999877929688,101.75,101.75,-0.7723945797211657,0.5434812928295729,0.5500030517577983,0.5500030517577983
2013-12-26,102.01000213623048,102.95999908447266,101.20999908447266,101.61000061035156,101.61000061035156,-0.6204625797937056,-0.1375915377380243,-0.1399993896484375,-0.1399993896484375
2013-12-27,101.61000061035156,102.6999969482422,101.05999755859376,102.0,102.0,-0.5747845964667633,0.3838198871231046,0.3899993896484375,0.3899993896484375
2013-12-30,101.5999984741211,102.77999877929688,101.16999816894533,101.83000183105467,101.83000183105467,-0.6383121302014645,-0.1666648715150209,-0.1699981689453267,-0.1699981689453267
2013-12-31,101.77999877929688,103.5,100.73999786376952,102.88999938964844,102.88999938964844,-0.3385240119357174,1.0409481876985538,1.0599975585937642,1.0599975585937642
2014-01-02,103.13999938964844,103.7699966430664,101.70999908447266,102.9000015258789,102.9000015258789,-0.1517361970387751,0.0097211937893026,0.0100021362304687,0.01000213623046875
2014-01-03,102.91999816894533,103.93000030517578,102.05999755859376,103.06999969482422,103.06999969482422,-0.3365563449616337,0.1652071588187142,0.1699981689453125,0.1699981689453125
2014-01-06,103.22000122070312,104.5,102.2300033569336,102.56999969482422,102.56999969482422,-0.5069000858608768,-0.485107210129454,-0.5,-0.5
2014-01-07,102.66999816894533,105.6500015258789,102.4499969482422,104.63999938964844,104.63999938964844,-0.2350809481553189,2.0181336657727256,2.0699996948242188,2.0699996948242188
2014-01-08,104.3499984741211,106.02999877929688,103.12000274658205,103.91999816894533,103.91999816894533,-0.0551799676676695,-0.6880745650829412,-0.7200012207031108,-0.7200012207031108
2014-01-09,104.6999969482422,105.18000030517578,101.0199966430664,102.08000183105467,102.08000183105467,0.2670957731590337,-1.7705892708921422,-1.8399963378906532,-1.8399963378906534
2014-01-10,102.08000183105467,104.87000274658205,101.5500030517578,104.31999969482422,104.31999969482422,-0.1716939620616237,2.19435523470779,2.239997863769545,2.2399978637695455
2014-01-13,103.62999725341795,104.27999877929688,101.04000091552734,101.3499984741211,101.3499984741211,-0.2290373995920619,-2.847010380935111,-2.970001220703125,-2.970001220703125
2014-01-14,101.3499984741211,102.31999969482422,100.22000122070312,101.70999908447266,101.70999908447266,0.0572581451371113,0.3552053436325364,0.3600006103515625,0.3600006103515625
2014-01-15,102.3499984741211,102.41999816894533,100.20999908447266,100.3499984741211,100.3499984741211,-0.405705784336574,-1.3371356037689577,-1.3600006103515625,-1.3600006103515625
2014-01-16,99.83000183105467,100.91999816894533,98.75,100.13999938964844,100.13999938964844,0.1975246908610755,-0.209266654375495,-0.2099990844726562,-0.20999908447265625
2014-01-17,100.13999938964844,100.77999877929688,99.58999633789062,100.0500030517578,100.0500030517578,-0.1535633163718528,-0.0898705197115656,-0.0899963378906392,-0.08999633789063921
2014-01-21,99.95999908447266,101.0,98.22000122070312,99.5500030517578,99.5500030517578,-0.069515827050279,-0.499750109693986,-0.5,-0.5
2014-01-22,99.5999984741211,100.43000030517578,98.62000274658205,99.58000183105467,99.58000183105467,-0.4810393199157772,0.030134383101199,0.029998779296875,0.029998779296875
2014-01-23,98.68000030517578,99.5,97.26000213623048,98.98999786376952,98.98999786376952,-0.2385946391804683,-0.592492424619695,-0.5900039672851562,-0.5900039672851562
2014-01-24,97.5,98.81999969482422,94.54000091552734,95.02999877929688,95.02999877929688,0.742287347400239,-4.000403242681561,-3.959999084472642,-3.959999084472642
2014-01-27,95.0999984741211,95.47000122070312,90.86000061035156,92.30999755859376,92.30999755859376,0.5141785260475398,-2.862255346356679,-2.720001220703111,-2.720001220703111
2014-01-28,92.1999969482422,93.68000030517578,91.68000030517578,91.6999969482422,91.6999969482422,0.9692717876248904,-0.6608174915879172,-0.6100006103515625,-0.6100006103515625
2014-01-29,90.75,91.5199966430664,88.5199966430664,88.73999786376953,88.73999786376953,0.6805869329986155,-3.2279162300772657,-2.9599990844726705,-2.9599990844726705
2014-01-30,90.29000091552734,91.5500030517578,89.06999969482422,90.27999877929688,90.27999877929688,0.1906378564517827,1.7354078798734074,1.5400009155273438,1.5400009155273438
2014-01-31,88.19999694824219,90.19000244140624,88.12999725341797,88.98999786376953,88.98999786376953,-0.1736616290357074,-1.428888937715811,-1.2900009155273438,-1.2900009155273438
2014-02-03,88.80000305175781,89.58999633789062,86.26000213623047,86.87999725341797,86.87999725341797,0.0925356030296114,-2.37105367007836,-2.1100006103515625,-2.1100006103515625
2014-02-04,92.0,94.94000244140624,91.0,94.6999969482422,94.6999969482422,1.554933807696793,9.00092074360257,7.819999694824233,7.819999694824233
2014-02-05,93.83999633789062,94.58000183105467,91.9499969482422,92.66999816894533,92.66999816894533,0.047560357907699,-2.1436101844927835,-2.029998779296875,-2.029998779296875
2014-02-06,91.1500015258789,95.6500015258789,91.1500015258789,94.83000183105467,94.83000183105467,0.0075042802209958,2.3308554060522013,2.1600036621093466,2.1600036621093466
2014-02-07,94.8499984741211,96.54000091552734,94.8499984741211,96.01000213623048,96.01000213623048,-0.1063393089938448,1.2443322602461393,1.1800003051758097,1.1800003051758097
2014-02-10,96.2300033569336,96.68000030517578,94.37999725341795,96.05999755859376,96.05999755859376,-0.3194095327589046,0.0520731395176277,0.0499954223632812,0.04999542236328125
2014-02-11,95.8000030517578,96.72000122070312,94.8000030517578,95.8000030517578,95.8000030517578,-0.2823049555333269,-0.2706584566352643,-0.2599945068359659,-0.2599945068359659
2014-02-12,95.93000030517578,96.83999633789062,94.83999633789062,95.88999938964844,95.88999938964844,-0.0359249408498507,0.0939418945968162,0.0899963378906392,0.08999633789063921
2014-02-13,94.5500030517578,96.41999816894533,94.29000091552734,96.06999969482422,96.06999969482422,-0.3774557084943727,0.1877154096584732,0.1800003051757812,0.18000030517578125
2014-02-14,95.73999786376952,97.25,94.83999633789062,95.98999786376952,95.98999786376952,-0.3331832015774903,-0.0832745199425777,-0.0800018310547017,-0.08000183105470171
2014-02-18,95.9000015258789,96.08000183105467,93.6500015258789,95.5999984741211,95.5999984741211,0.8641421521524203,-0.4062916953096684,-0.3899993896484233,-0.3899993896484233
2014-02-19,98.9000015258789,104.0,96.7699966430664,100.58000183105467,100.58000183105467,2.395549248553536,5.20920861550187,4.98000335693358,4.9800033569335795
2014-02-20,100.29000091552734,104.0,99.94000244140624,103.66999816894533,103.66999816894533,0.4416559432884561,3.0721776512600885,3.0899963378906534,3.0899963378906534
2014-02-21,103.9000015258789,104.5999984741211,102.43000030517578,103.76000213623048,103.76000213623048,-0.0097830796227392,0.0868177571861084,0.0900039672851562,0.09000396728515625
2014-03-10,105.3499984741211,105.8499984741211,103.56999969482422,103.75,103.75,-0.5539835455978788,-0.0096396839095569,-0.0100021362304829,-0.01000213623048296
2014-03-11,104.04000091552734,105.16000366210938,102.4800033569336,102.72000122070312,102.72000122070312,-0.3792828278274505,-0.9927699077560193,-1.029998779296875,-1.029998779296875
2014-03-12,102.38999938964844,103.62000274658205,101.3499984741211,103.11000061035156,103.11000061035156,-0.7227812624460561,0.3796722984947154,0.3899993896484375,0.3899993896484375
2014-03-13,103.16000366210938,103.36000061035156,100.4800033569336,100.9499969482422,100.9499969482422,-0.5976938619507374,-2.0948536992759115,-2.160003662109361,-2.160003662109361
2014-03-14,100.88999938964844,102.93000030517578,100.48999786376952,101.43000030517578,101.43000030517578,-0.6904553050146817,0.475486252049806,0.4800033569335795,0.48000335693357954
2014-03-17,102.5,105.9800033569336,101.23999786376952,105.6500015258789,105.6500015258789,-0.1411951239633269,4.160505972598116,4.220001220703125,4.220001220703125
2014-03-18,105.30999755859376,105.91999816894533,103.91999816894533,105.5500030517578,105.5500030517578,0.1368081099464939,-0.0946507076922453,-0.0999984741211079,-0.09999847412110796
2014-03-21,102.81999969482422,103.0,97.9000015258789,98.04000091552734,98.04000091552734,0.3476295714554581,-7.115113139833662,-7.5100021362304545,-7.5100021362304545
2014-03-24,98.62000274658205,98.62999725341795,95.61000061035156,96.73999786376952,96.73999786376952,0.0524795253429082,-1.325992492470418,-1.3000030517578267,-1.3000030517578267
2014-03-25,97.72000122070312,98.2699966430664,95.0999984741211,95.5500030517578,95.5500030517578,-0.2609417141004185,-1.2300959668073208,-1.1899948120117188,-1.1899948120117188
2014-03-26,96.33000183105467,96.72000122070312,92.26000213623048,92.48999786376952,92.48999786376952,-0.4890505354531178,-3.2025171012613485,-3.060005187988281,-3.0600051879882812
2014-03-27,92.4499969482422,93.1500015258789,90.6500015258789,92.45999908447266,92.45999908447266,-0.3967107353121915,-0.0324346199478187,-0.0299987792968607,-0.02999877929686079
2014-03-28,93.0,94.0199966430664,92.25,93.69000244140624,93.69000244140624,-0.5070406335018828,1.3303086406153186,1.2300033569335795,1.2300033569335795
2014-03-31,94.5999984741211,95.0,92.73999786376952,93.8000030517578,93.8000030517578,0.0850865780562946,0.1174091231562979,0.1100006103515625,0.1100006103515625
2014-04-01,94.51000213623048,95.33000183105467,93.77999877929688,94.52999877929688,94.52999877929688,-0.2071119675951297,0.7782470189646729,0.7299957275390767,0.7299957275390767
2014-04-02,95.0500030517578,95.31999969482422,93.62000274658205,94.38999938964844,94.38999938964844,-0.4045814032085261,-0.1481004881585756,-0.1399993896484375,-0.1399993896484375
2014-04-03,94.62999725341795,95.7300033569336,93.4499969482422,94.25,94.25,-0.0849760675609364,-0.1483201510262821,-0.1399993896484375,-0.1399993896484375
2014-04-04,94.72000122070312,96.75,91.88999938964844,93.04000091552734,93.04000091552734,-0.1691641045235161,-1.283818657265423,-1.2099990844726562,-1.2099990844726562
2014-04-07,92.5,93.27999877929688,87.41000366210938,89.18000030517578,89.18000030517578,0.2194501228580078,-4.148753839605101,-3.8600006103515625,-3.8600006103515625
2014-04-08,89.08000183105469,91.9000015258789,88.62999725341797,91.38999938964844,91.38999938964844,-0.087365377458038,2.478133075700817,2.209999084472656,2.2099990844726562
2014-04-09,91.41000366210938,94.44000244140624,90.79000091552734,94.16999816894533,94.16999816894533,-0.528684970216803,3.04190698967417,2.779998779296889,2.779998779296889
2014-04-10,93.72000122070312,95.3499984741211,87.95999908447266,88.06999969482422,88.06999969482422,0.2634415344928784,-6.477645314569747,-6.099998474121108,-6.099998474121108
2014-04-11,87.25,88.26000213623047,84.61000061035156,85.68000030517578,85.68000030517578,0.8346271475411654,-2.713749742171168,-2.389999389648437,-2.3899993896484375
2014-04-14,86.66999816894531,87.44999694824219,83.91000366210938,84.69999694824219,84.69999694824219,0.0878975308764141,-1.1437947635889456,-0.9800033569335938,-0.9800033569335938
2014-04-15,84.8499984741211,86.91000366210938,82.16000366210938,85.63999938964844,85.63999938964844,0.0752482431858763,1.1098022140197503,0.94000244140625,0.94000244140625
2014-04-16,86.25,86.88999938964844,84.54000091552734,86.68000030517578,86.68000030517578,-0.4617842930979584,1.2143868787241718,1.0400009155273438,1.0400009155273438
2014-04-17,86.08000183105469,87.44000244140625,85.69000244140625,86.87000274658203,86.87000274658203,-0.6699353494278091,0.2191998624103686,0.19000244140625,0.19000244140625
2014-04-21,87.08000183105469,87.80000305175781,86.31999969482422,87.30000305175781,87.30000305175781,-0.7278409775222713,0.4949928532063996,0.4300003051757812,0.43000030517578125
2014-04-22,87.73999786376953,89.30000305175781,87.61000061035156,88.25,88.25,-0.6599564669163848,1.0881980699118277,0.9499969482421876,0.9499969482421875
2014-04-23,92.01000213623048,92.01000213623048,86.93000030517578,86.95999908447266,86.95999908447266,-0.4089383800797114,-1.46175741136243,-1.2900009155273438,-1.2900009155273438
2014-04-24,87.3499984741211,87.8499984741211,85.26000213623047,87.41999816894531,87.41999816894531,-0.7031045927052195,0.528977793601193,0.4599990844726562,0.45999908447265625
2014-04-25,86.54000091552734,86.7699966430664,83.54000091552734,84.69000244140625,84.69000244140625,-0.2494168075379285,-3.1228503600093327,-2.7299957275390625,-2.7299957275390625
2014-04-28,85.31999969482422,87.55000305175781,84.25,84.75,84.75,0.5841712512685159,0.0708437322755495,0.05999755859375,0.05999755859375
2014-04-29,85.0,86.66000366210938,84.25,86.0,86.0,0.259365652903705,1.474926253687325,1.25,1.25
2014-04-30,83.31999969482422,88.11000061035156,78.91999816894531,87.16000366210938,87.16000366210938,4.2881637823400105,1.3488414675690397,1.160003662109375,1.160003662109375
2014-05-01,88.0,92.48999786376952,86.06999969482422,89.04000091552734,89.04000091552734,1.3521235617251697,2.156949488788573,1.8799972534179688,1.8799972534179688
2014-05-02,89.79000091552734,91.5,88.83999633789062,89.06999969482422,89.06999969482422,0.3895127684752389,0.0336913510651681,0.029998779296875,0.029998779296875
2014-05-05,88.33000183105469,88.5,86.0199966430664,86.87999725341797,86.87999725341797,0.0285864263718922,-2.4587430660264253,-2.19000244140625,-2.19000244140625
2014-05-06,86.41000366210938,86.5199966430664,83.62999725341797,83.80000305175781,83.80000305175781,-0.0130156753658766,-3.5451131434502736,-3.079994201660156,-3.0799942016601562
2014-05-07,83.80000305175781,84.23999786376953,80.69999694824219,81.73999786376953,81.73999786376953,0.4249307740087449,-2.45823999160949,-2.060005187988281,-2.0600051879882812
2014-05-08,81.73999786376953,84.69999694824219,81.26000213623047,82.08000183105469,82.08000183105469,0.0070826372979779,0.4159578861891111,0.3400039672851562,0.34000396728515625
2014-05-09,81.66999816894531,84.0999984741211,81.02999877929688,83.68000030517578,83.68000030517578,-0.1804079158039942,1.9493158362914984,1.5999984741210938,1.5999984741210938
2014-05-12,83.94999694824219,86.44999694824219,83.94999694824219,85.5,85.5,-0.5795632162609664,2.174951826227045,1.8199996948242188,1.8199996948242188
2014-05-13,85.31999969482422,85.37000274658203,82.93000030517578,83.76000213623047,83.76000213623047,-0.3745042080332473,-2.0350852207830727,-1.7399978637695312,-1.7399978637695312
2014-05-14,83.58000183105469,83.77999877929688,81.30000305175781,81.51000213623047,81.51000213623047,-0.6362039155863748,-2.6862463498275924,-2.25,-2.25
2014-05-15,80.83000183105469,81.9000015258789,79.04000091552734,81.41999816894531,81.41999816894531,-0.022432367313277,-0.110420764232999,-0.0900039672851562,-0.09000396728515625
2014-05-16,81.2300033569336,83.06999969482422,80.4800033569336,82.95999908447266,82.95999908447266,-0.4754174142755381,1.8914283347585716,1.5400009155273438,1.5400009155273438
2014-05-19,82.5999984741211,83.0,81.11000061035156,81.9000015258789,81.9000015258789,-0.163682746524283,-1.2777212756649448,-1.05999755859375,-1.05999755859375
2014-05-20,82.0199966430664,82.36000061035156,79.5,81.05999755859375,81.05999755859375,0.8349082428231773,-1.0256458505922383,-0.8400039672851562,-0.8400039672851562
2014-05-21,81.16999816894531,81.5,79.30999755859375,79.52999877929688,79.52999877929688,0.0318190221150297,-1.887489298517342,-1.529998779296875,-1.529998779296875
2014-05-22,79.52999877929688,81.87999725341797,79.48999786376953,80.51000213623047,80.51000213623047,0.088881364363456,1.232243646392095,0.9800033569335938,0.9800033569335938
2014-05-23,80.4800033569336,81.55000305175781,79.13999938964844,81.05000305175781,81.05000305175781,-0.4251013587953987,0.6707252530109287,0.5400009155273438,0.5400009155273438
2014-05-27,81.7699966430664,84.7699966430664,81.27999877929688,84.37000274658203,84.37000274658203,-0.0238378437233368,4.0962363600456575,3.3199996948242188,3.3199996948242188
2014-05-28,83.33999633789062,83.51000213623047,81.25,82.08000183105469,82.08000183105469,0.1587335419434261,-2.7142359143992323,-2.290000915527344,-2.2900009155273438
2014-05-29,82.25,82.62999725341797,79.08999633789062,79.12000274658203,79.12000274658203,-0.010626365468775,-3.606236620907033,-2.959999084472656,-2.9599990844726562
2014-05-30,79.0999984741211,79.36000061035156,76.54000091552734,77.68000030517578,77.68000030517578,1.1120681908869623,-1.8200232449669065,-1.44000244140625,-1.44000244140625
2014-06-02,78.06999969482422,78.93000030517578,76.83999633789062,78.22000122070312,78.22000122070312,-0.199381847339801,0.6951608051054103,0.5400009155273438,0.5400009155273438
2014-06-03,77.77999877929688,80.04000091552734,77.19000244140625,79.37999725341797,79.37999725341797,0.1465058971759062,1.482991580940829,1.1599960327148438,1.1599960327148438
2014-06-04,79.11000061035156,81.63999938964844,78.29000091552734,81.33999633789062,81.33999633789062,-0.0214485338262352,2.4691347345546344,1.959999084472656,1.9599990844726562
2014-06-05,81.58999633789062,82.5999984741211,80.83000183105469,82.54000091552734,82.54000091552734,0.0558526687270516,1.4752946049466642,1.2000045776367188,1.2000045776367188
2014-06-06,82.80999755859375,83.72000122070312,80.11000061035156,80.43000030517578,80.43000030517578,-0.1847648926751795,-2.5563370328902324,-2.1100006103515625,-2.1100006103515625
2014-06-09,80.52999877929688,81.55999755859375,79.16000366210938,79.5999984741211,79.5999984741211,-0.2602389758953887,-1.031955523940575,-0.8300018310546875,-0.8300018310546875
2014-06-10,79.51000213623047,80.31999969482422,77.7300033569336,78.80000305175781,78.80000305175781,-0.3142092700416835,-1.005019394093798,-0.7999954223632812,-0.7999954223632812
2014-06-11,78.3499984741211,79.05000305175781,77.1500015258789,78.81999969482422,78.81999969482422,-0.0925656401752591,0.0253764496091157,0.0199966430664062,0.01999664306640625
2014-06-12,78.72000122070312,78.88999938964844,77.05999755859375,77.12000274658203,77.12000274658203,-0.5312148277549107,-2.156809128170833,-1.6999969482421875,-1.6999969482421875
2014-06-13,77.12000274658203,77.5,75.30999755859375,77.12999725341797,77.12999725341797,-0.2796345503542134,0.0129596816389909,0.0099945068359375,0.0099945068359375
2014-06-16,76.72000122070312,78.6500015258789,75.91999816894531,76.80999755859375,76.80999755859375,-0.5368367333951497,-0.4148835812515683,-0.3199996948242187,-0.31999969482421875
2014-06-17,76.62000274658203,78.87999725341797,76.0199966430664,78.5999984741211,78.5999984741211,-0.5094299433989844,2.3304269918272835,1.7900009155273438,1.7900009155273438
2014-06-18,78.48999786376953,80.05000305175781,77.79000091552734,79.83999633789062,79.83999633789062,0.0214184966805874,1.5776054552695706,1.2399978637695312,1.2399978637695312
2014-06-19,79.94999694824219,80.1500015258789,75.5199966430664,75.70999908447266,75.70999908447266,0.2541653901864839,-5.172842488543483,-4.129997253417969,-4.129997253417969
2014-06-20,76.18000030517578,77.2699966430664,75.1500015258789,75.4000015258789,75.4000015258789,0.3692739081703784,-0.4094539193533419,-0.30999755859375,-0.30999755859375
2014-06-23,75.44000244140625,76.20999908447266,75.29000091552734,75.5999984741211,75.5999984741211,-0.5005754420156079,0.265247936597901,0.1999969482421875,0.1999969482421875
2014-06-24,74.3499984741211,75.1500015258789,73.54000091552734,73.73999786376953,73.73999786376953,0.1425705632277389,-2.4603183173188325,-1.8600006103515625,-1.8600006103515625
2014-06-25,73.33999633789062,76.13999938964844,72.86000061035156,75.81999969482422,75.81999969482422,-0.0443577993102093,2.820724018594856,2.0800018310546875,2.0800018310546875
2014-06-26,75.75,76.13999938964844,74.05000305175781,75.91000366210938,75.91000366210938,-0.3764718750073309,0.1187074223785611,0.0900039672851562,0.09000396728515625
2014-06-27,75.70999908447266,76.1500015258789,74.80000305175781,75.11000061035156,75.11000061035156,-0.3808288518785162,-1.0538835636456856,-0.8000030517578125,-0.8000030517578125
2014-06-30,75.05000305175781,76.37999725341797,75.05000305175781,75.94999694824219,75.94999694824219,-0.1393680046302492,1.1183548543000077,0.839996337890625,0.839996337890625
2014-07-01,76.0199966430664,76.68000030517578,74.94000244140625,75.37999725341797,75.37999725341797,0.1465058971759062,-0.7504933742296993,-0.5699996948242188,-0.5699996948242188
2014-07-02,75.55999755859375,76.26000213623047,74.72000122070312,75.23999786376953,75.23999786376953,-0.4962184651444226,-0.1857248537404099,-0.1399993896484375,-0.1399993896484375
2014-07-03,75.63999938964844,76.68000030517578,75.5,76.05000305175781,76.05000305175781,-0.016951009314044,1.076561949742327,0.8100051879882812,0.8100051879882812
2014-07-07,76.0,76.0,74.1500015258789,74.19999694824219,74.19999694824219,-0.1861703690852392,-2.432618052962543,-1.850006103515625,-1.850006103515625
2014-07-08,73.9800033569336,76.69999694824219,73.02999877929688,76.58999633789062,76.58999633789062,1.7403161461836754,3.2210235686607414,2.389999389648437,2.3899993896484375
2014-07-11,55.81999969482422,56.68000030517578,54.61000061035156,54.86000061035156,54.86000061035156,2.372077792505538,-28.3718458892115,-21.729995727539062,-21.729995727539062
2014-07-14,55.22999954223633,55.959999084472656,54.83000183105469,55.150001525878906,55.150001525878906,0.7907762835473008,0.5286199640920586,0.2900009155273437,0.29000091552734375
2014-07-15,55.0099983215332,55.38999938964844,53.27000045776367,53.84999847412109,53.84999847412109,0.8232427886196813,-2.357213083934006,-1.3000030517578196,-1.3000030517578196
2014-07-16,54.2599983215332,55.27999877929688,53.47999954223633,55.0,55.0,0.1989301672711353,2.1355646396751027,1.1500015258789134,1.1500015258789134
2014-07-17,54.63999938964844,55.86000061035156,54.18000030517578,54.900001525878906,54.900001525878906,0.454024135696982,-0.1818154074929023,-0.0999984741210937,-0.09999847412109375
2014-07-18,54.79999923706055,55.900001525878906,54.77999877929688,55.619998931884766,55.619998931884766,-0.1442871720654583,1.3114706484415484,0.7199974060058594,0.7199974060058594
2014-07-21,55.5,56.09999847412109,55.0099983215332,55.59999847412109,55.59999847412109,-0.2106256586202791,-0.0359591120959401,-0.0200004577636789,-0.02000045776367898
2014-07-22,55.68999862670898,56.459999084472656,55.34000015258789,55.77000045776367,55.77000045776367,-0.3312155346034066,0.3057589717771591,0.1700019836425852,0.17000198364258523
2014-07-23,55.63999938964844,56.63999938964844,55.150001525878906,56.02000045776367,56.02000045776367,-0.1871542025722811,0.4482696753594917,0.25,0.25
2014-07-24,55.959999084472656,56.720001220703125,55.0,55.13999938964844,55.13999938964844,-0.3208150091689644,-1.570869441135958,-0.8800010681152344,-0.8800010681152344
2014-07-25,55.0,55.5,54.79999923706055,55.220001220703125,55.220001220703125,-0.4783689147366636,0.1450885599206364,0.0800018310546875,0.0800018310546875
2014-07-28,55.13999938964844,55.220001220703125,53.81999969482422,55.06999969482422,55.06999969482422,-0.0953765929953786,-0.2716434671549139,-0.1500015258789062,-0.15000152587890625
2014-07-29,55.0099983215332,55.86000061035156,54.869998931884766,55.43000030517578,55.43000030517578,-0.110977381147042,0.6537145675441058,0.3600006103515625,0.3600006103515625
2014-07-30,55.5,56.560001373291016,54.790000915527344,55.36000061035156,55.36000061035156,0.0968925799007966,-0.1262848537593841,-0.0699996948242187,-0.06999969482421875
2014-07-31,55.54999923706055,55.54999923706055,53.810001373291016,54.220001220703125,54.220001220703125,0.0488252866767528,-2.059247429696154,-1.1399993896484375,-1.1399993896484375
2014-08-01,54.18999862670898,54.5099983215332,52.7599983215332,53.34000015258789,53.34000015258789,-0.0920034496112352,-1.6230192702010091,-0.8800010681152344,-0.8800010681152344
2014-08-04,53.59999847412109,55.220001220703125,53.540000915527344,55.09000015258789,55.09000015258789,-0.1962897992376695,3.2808398856277288,1.75,1.75
2014-08-05,54.63999938964844,56.68000030517578,54.25,55.91999816894531,55.91999816894531,0.0628800507773504,1.5066219169695083,0.8299980163574219,0.8299980163574219
2014-08-06,55.290000915527344,55.47999954223633,54.2599983215332,54.5,54.5,1.066109112278008,-2.5393387257546363,-1.4199981689453125,-1.4199981689453125
2014-08-07,54.7599983215332,55.93000030517578,54.43999862670898,54.720001220703125,54.720001220703125,-0.0585531110518129,0.4036719645928999,0.220001220703125,0.220001220703125
2014-08-08,54.720001220703125,55.959999084472656,54.720001220703125,55.18999862670898,55.18999862670898,0.094784365285707,0.8589133690078077,0.4699974060058522,0.46999740600585227
2014-08-11,55.220001220703125,55.9900016784668,54.970001220703125,55.84999847412109,55.84999847412109,0.4205737971375597,1.195868570093972,0.6599998474121094,0.6599998474121094
2014-08-12,55.5,55.84000015258789,54.209999084472656,54.61000061035156,54.61000061035156,-0.2473085929228388,-2.220229002054664,-1.239997863769524,-1.2399978637695241
2014-08-13,54.81999969482422,55.18000030517578,54.25,55.09999847412109,55.09999847412109,-0.1309351461698906,0.8972676401630464,0.4899978637695241,0.48999786376952414
2014-08-14,55.25,55.68999862670898,54.810001373291016,55.58000183105469,55.58000183105469,-0.4138575475149206,0.8711494922437168,0.4800033569336008,0.48000335693360086
2014-08-15,55.790000915527344,56.02000045776367,55.0,55.2599983215332,55.2599983215332,-0.4065490701826098,-0.5757529668570238,-0.3200035095214844,-0.3200035095214844
2014-08-18,55.43999862670898,57.540000915527344,55.43999862670898,57.43999862670898,57.43999862670898,0.1254237510250098,3.9449880046888985,2.180000305175774,2.180000305175774
2014-08-19,58.08000183105469,59.29999923706055,58.02000045776367,58.630001068115234,58.630001068115234,0.4399693715963844,2.071731319389203,1.190002441406257,1.190002441406257
2014-08-20,58.29999923706055,58.33000183105469,57.0099983215332,57.34000015258789,57.34000015258789,-0.434799146024811,-2.200240307054824,-1.2900009155273438,-1.2900009155273438
2014-08-21,57.38999938964844,57.68999862670898,56.75,57.29999923706055,57.29999923706055,-0.4058463319775799,-0.0697609267891419,-0.0400009155273437,-0.04000091552734375
2014-08-22,57.31999969482422,57.810001373291016,56.79999923706055,57.45000076293945,57.45000076293945,-0.2035982765699803,0.2617827711625553,0.1500015258789062,0.15000152587890625
2014-08-25,57.900001525878906,58.5,57.290000915527344,58.0099983215332,58.0099983215332,-0.305354768658307,0.9747563988806718,0.55999755859375,0.55999755859375
2014-08-26,58.04999923706055,58.380001068115234,57.77999877929688,57.970001220703125,57.970001220703125,-0.064034469051046,-0.0689486329725208,-0.0399971008300781,-0.039997100830078125
2014-08-27,57.970001220703125,58.77000045776367,57.77999877929688,58.459999084472656,58.459999084472656,-0.3129443412726297,0.8452610892727419,0.4899978637695312,0.48999786376953125
2014-08-28,58.060001373291016,58.290000915527344,57.2599983215332,57.470001220703125,57.470001220703125,-0.1379625282201894,-1.6934619898625325,-0.9899978637695312,-0.9899978637695312
2014-08-29,57.58000183105469,58.47999954223633,57.09999847412109,57.220001220703125,57.220001220703125,0.0642855271874102,-0.4350095609706339,-0.25,-0.25
2014-09-02,57.33000183105469,57.61000061035156,55.27999877929688,55.33000183105469,55.33000183105469,0.3455213568403684,-3.3030397576513937,-1.8899993896484373,-1.8899993896484375
2014-09-03,58.119998931884766,59.58000183105469,57.7599983215332,59.27999877929688,59.27999877929688,1.532727280417849,7.138978524351325,3.9499969482421946,3.9499969482421946
2014-09-04,59.08000183105469,59.09000015258789,55.81999969482422,58.08000183105469,58.08000183105469,4.623229358498258,-2.0242863916206555,-1.1999969482421946,-1.1999969482421946
2014-09-05,57.84999847412109,58.09999847412109,57.0099983215332,57.790000915527344,57.790000915527344,0.2765124651064342,-0.4993128553454795,-0.2900009155273437,-0.29000091552734375
2014-09-08,57.79999923706055,57.91999816894531,56.63999938964844,57.02999877929688,57.02999877929688,-0.2186368741576197,-1.315110095501415,-0.7600021362304616,-0.7600021362304616
2014-09-09,56.83000183105469,57.630001068115234,56.34999847412109,57.310001373291016,57.310001373291016,0.8977330383528487,0.4909742240706061,0.2800025939941335,0.2800025939941335
2014-09-10,56.970001220703125,57.0,55.68999862670898,56.41999816894531,56.41999816894531,1.255286237072052,-1.5529631530605492,-0.8900032043457031,-0.8900032043457031
2014-09-11,55.97999954223633,58.7400016784668,55.95000076293945,58.70000076293945,58.70000076293945,0.7819217821639243,4.041124898953119,2.2800025939941406,2.2800025939941406
2014-09-12,58.810001373291016,59.290000915527344,57.02999877929688,57.81999969482422,57.81999969482422,-0.0886303062270918,-1.4991500113758605,-0.8800010681152344,-0.8800010681152344
2014-09-15,57.84999847412109,58.77000045776367,57.77000045776367,58.63999938964844,58.63999938964844,-0.2196207076446615,1.41819387608475,0.8199996948242188,0.8199996948242188
2014-09-16,58.33000183105469,59.91999816894531,57.709999084472656,58.970001220703125,58.970001220703125,0.0953465558497309,0.5627589264827648,0.3300018310546875,0.3300018310546875
2014-09-17,58.900001525878906,60.959999084472656,58.790000915527344,59.9900016784668,59.9900016784668,0.3158658045881075,1.729693804729937,1.020000457763672,1.0200004577636719
2014-09-18,60.060001373291016,60.93999862670898,59.70000076293945,60.79999923706055,60.79999923706055,-0.00486391218753,1.3502209300395809,0.80999755859375,0.80999755859375
2014-09-19,61.040000915527344,61.040000915527344,57.630001068115234,58.0,58.0,1.113333119656016,-4.605261960848528,-2.799999237060547,-2.799999237060547
2014-09-22,57.63999938964844,57.70000076293945,55.41999816894531,56.09999847412109,56.09999847412109,0.2973135159753186,-3.275864699791231,-1.9000015258789131,-1.9000015258789134
2014-09-23,55.900001525878906,56.790000915527344,54.90999984741211,55.06999969482422,55.06999969482422,0.1304834661012249,-1.836005004121355,-1.029998779296868,-1.029998779296868
2014-09-24,55.09999847412109,56.93999862670898,55.060001373291016,56.56999969482422,56.56999969482422,-0.04014137008003,2.723806080102409,1.5,1.5
2014-09-25,56.43999862670898,56.84999847412109,55.790000915527344,56.27000045776367,56.27000045776367,-0.111117928788048,-0.530315076328336,-0.2999992370605469,-0.2999992370605469
2014-09-26,56.369998931884766,57.20000076293945,56.13999938964844,57.06999969482422,57.06999969482422,-0.2987490295310261,1.4217153555224016,0.7999992370605469,0.7999992370605469
2014-09-29,56.65999984741211,59.25,56.27000045776367,59.08000183105469,59.08000183105469,0.1455220636888644,3.521994299945219,2.0100021362304688,2.0100021362304688
2014-09-30,59.09000015258789,59.09000015258789,57.15999984741211,57.380001068115234,57.380001068115234,-0.1340271942720221,-2.8774555014415504,-1.7000007629394531,-1.7000007629394531
2014-10-01,57.33000183105469,57.45000076293945,55.65999984741211,55.81999969482422,55.81999969482422,0.0374409277552687,-2.71871966582774,-1.5600013732910156,-1.5600013732910156
2014-10-02,55.68000030517578,56.540000915527344,54.209999084472656,55.45000076293945,55.45000076293945,-0.0904574255601695,-0.6628429485983522,-0.3699989318847656,-0.3699989318847656
2014-10-03,56.09000015258789,56.400001525878906,55.060001373291016,55.5099983215332,55.5099983215332,-0.2428110684106476,0.1082011862366894,0.05999755859375,0.05999755859375
2014-10-06,55.81999969482422,56.470001220703125,55.02000045776367,55.119998931884766,55.119998931884766,-0.1355732183230878,-0.7025750341216441,-0.3899993896484375,-0.3899993896484375
2014-10-07,55.09999847412109,56.36000061035156,54.66999816894531,54.93000030517578,54.93000030517578,-0.2024738954419325,-0.3446999825667207,-0.1899986267089843,-0.18999862670898438
2014-10-08,54.790000915527344,55.91999816894531,53.88999938964844,55.84999847412109,55.84999847412109,0.0640044319053982,1.6748555686037614,0.9199981689453054,0.9199981689453054
2014-10-09,55.77999877929688,55.91999816894531,52.77000045776367,53.470001220703125,53.470001220703125,0.2745447981323505,-4.261409701776032,-2.3799972534179616,-2.3799972534179616
2014-10-10,53.45000076293945,55.84999847412109,53.41999816894531,54.290000915527344,54.290000915527344,0.2997028258724202,1.5335696205421412,0.8199996948242188,0.8199996948242188
2014-10-13,54.540000915527344,55.63999938964844,53.540000915527344,54.43999862670898,54.43999862670898,-0.3369779878846516,0.276289756220538,0.1499977111816335,0.14999771118163352
2014-10-14,54.68000030517578,57.130001068115234,54.68000030517578,55.619998931884766,55.619998931884766,-0.1258754310936755,2.1675244947505723,1.1800003051757884,1.1800003051757884
2014-10-15,54.77000045776367,58.09999847412109,53.72999954223633,57.83000183105469,57.83000183105469,0.2031465965013146,3.973396155358455,2.210002899169922,2.210002899169922
2014-10-16,56.68000030517578,59.16999816894531,56.25,58.369998931884766,58.369998931884766,-0.1437249815014344,0.9337663560994304,0.5399971008300781,0.5399971008300781
2014-10-17,58.97999954223633,60.79999923706055,58.31999969482422,58.77999877929688,58.77999877929688,0.4593649460552091,0.7024153759032314,0.4099998474121165,0.4099998474121165
2014-10-20,58.470001220703125,59.18000030517578,57.9900016784668,59.04999923706055,59.04999923706055,0.4391260857503485,0.4593406998483429,0.2700004577636647,0.27000045776366477
2014-10-21,59.15999984741211,59.31999969482422,55.459999084472656,57.630001068115234,57.630001068115234,2.376715864658735,-2.404738674499596,-1.4199981689453125,-1.4199981689453125
2014-10-22,50.0099983215332,53.0,49.09999847412109,52.36000061035156,52.36000061035156,6.511346367772541,-9.144543397691152,-5.270000457763672,-5.270000457763672
2014-10-23,52.47999954223633,53.2400016784668,49.13999938964844,49.150001525878906,49.150001525878906,2.447692423366753,-6.130632251822476,-3.209999084472656,-3.2099990844726562
2014-10-24,48.93000030517578,49.5,47.7599983215332,48.93999862670898,48.93999862670898,0.8228211456966633,-0.4272693644970848,-0.2100028991699289,-0.21000289916992898
2014-10-27,48.52000045776367,48.630001068115234,48.0,48.27999877929688,48.27999877929688,-0.0385953460289643,-1.348589836395908,-0.6599998474120952,-0.6599998474120952
2014-10-28,48.34999847412109,49.790000915527344,48.220001220703125,49.459999084472656,49.459999084472656,-0.0288975587995519,2.4440769159293607,1.180000305175774,1.1800003051757741
2014-10-29,49.470001220703125,49.470001220703125,48.220001220703125,48.97999954223633,48.97999954223633,-0.134589384836046,-0.9704802893678588,-0.4799995422363281,-0.4799995422363281
2014-10-30,49.220001220703125,52.83000183105469,49.220001220703125,52.5,52.5,0.760136897807998,7.186607780035437,3.520000457763672,3.520000457763672
2014-10-31,53.0,54.83000183105469,52.68999862670898,53.77000045776367,53.77000045776367,0.5469261264019323,2.419048490978426,1.270000457763672,1.2700004577636719
2014-11-03,53.7599983215332,55.27999877929688,53.34000015258789,54.29999923706055,54.29999923706055,0.1153043208725795,0.9856774684485758,0.529998779296875,0.529998779296875
2014-11-04,52.54999923706055,54.43000030517578,52.0,54.2400016784668,54.2400016784668,0.7060260560206972,-0.1104927429774305,-0.05999755859375,-0.05999755859375
2014-11-05,54.54999923706055,55.33000183105469,53.59000015258789,53.79999923706055,53.79999923706055,-0.2147015402094524,-0.8112139155425746,-0.44000244140625,-0.44000244140625
2014-11-06,54.61000061035156,58.77999877929688,54.54999923706055,58.04999923706055,58.04999923706055,1.4214135487411157,7.899628364812972,4.25,4.25
2014-11-07,57.869998931884766,58.220001220703125,56.27999877929688,56.56999969482422,56.56999969482422,0.6354711402356972,-2.549525515396489,-1.479999542236328,-1.4799995422363281
2014-11-10,56.43000030517578,57.31999969482422,55.68999862670898,55.84999847412109,55.84999847412109,0.3989294604226394,-1.2727615778456602,-0.7200012207031321,-0.7200012207031321
2014-11-11,55.630001068115234,56.25,54.58000183105469,55.5,55.5,-0.0800569001257272,-0.6266758884214907,-0.3499984741210866,-0.34999847412108664
2014-11-12,55.31999969482422,55.66999816894531,54.47999954223633,54.59999847412109,54.59999847412109,-0.3826559712115939,-1.621624370953001,-0.9000015258789134,-0.9000015258789134
2014-11-13,54.7599983215332,55.38999938964844,53.630001068115234,54.27000045776367,54.27000045776367,-0.4783689147366636,-0.6043919882412152,-0.3299980163574147,-0.32999801635741477
2014-11-14,54.13999938964844,55.27000045776367,53.97999954223633,55.209999084472656,55.209999084472656,-0.2177935883115839,1.7320777939564325,0.9399986267089844,0.9399986267089844
2014-11-17,54.97999954223633,55.400001525878906,53.36000061035156,53.52000045776367,53.52000045776367,-0.0974848076104683,-3.061037230091679,-1.6899986267089844,-1.6899986267089844
2014-11-18,53.470001220703125,54.18000030517578,52.97999954223633,53.77000045776367,53.77000045776367,-0.0319896069016834,0.4671150931646384,0.25,0.25
2014-11-19,53.93999862670898,56.47999954223633,53.2400016784668,55.119998931884766,55.119998931884766,0.3414454752511951,2.5106908362061864,1.3499984741210938,1.3499984741210938
2014-11-20,55.54999923706055,59.45000076293945,55.0099983215332,58.7400016784668,58.7400016784668,0.3999132939096812,6.567494224837511,3.6200027465820312,3.6200027465820312
2014-11-21,59.33000183105469,60.97999954223633,59.0099983215332,60.5099983215332,60.5099983215332,0.6967499117143028,3.013273054970411,1.7699966430664062,1.7699966430664062
2014-11-24,62.86000061035156,64.11000061035156,62.119998931884766,63.33000183105469,63.33000183105469,0.8684991290236056,4.660392642116396,2.8200035095214844,2.8200035095214844
2014-11-25,63.27000045776367,63.84999847412109,61.63999938964844,62.560001373291016,62.560001373291016,0.012142352374193,-1.215854153640794,-0.7700004577636719,-0.7700004577636719
2014-11-26,62.77000045776367,62.81999969482422,61.84999847412109,62.5,62.5,-0.4199010960781775,-0.0959101214416446,-0.0600013732910156,-0.060001373291015625
2014-11-28,62.56999969482422,64.22000122070312,61.95000076293945,63.59000015258789,63.59000015258789,-0.4506810294584863,1.744000244140631,1.0900001525878906,1.0900001525878906
2014-12-01,63.25,63.79999923706055,61.61000061035156,62.59000015258789,62.59000015258789,0.5153029071755876,-1.5725743003623838,-1.0,-1.0
2014-12-02,62.70000076293945,63.45000076293945,62.38999938964844,62.93000030517578,62.93000030517578,-0.2328321858992233,0.5432180088816185,0.3400001525878906,0.3400001525878906
2014-12-03,62.70000076293945,63.43000030517578,62.459999084472656,62.59999847412109,62.59999847412109,0.0351921654991731,-0.5243950889152527,-0.3300018310546946,-0.3300018310546946
2014-12-04,62.86000061035156,62.959999084472656,60.72999954223633,61.22999954223633,61.22999954223633,-0.0256649630564145,-2.1884967496462737,-1.3699989318847583,-1.3699989318847585
2014-12-05,61.34000015258789,62.540000915527344,61.25,61.93000030517578,61.93000030517578,-0.2236965892338349,1.14323169716275,0.7000007629394531,0.7000007629394531
2014-12-08,61.52000045776367,62.650001525878906,61.2599983215332,61.43999862670898,61.43999862670898,-0.4556001968936955,-0.7912185952724027,-0.490001678466804,-0.490001678466804
2014-12-09,60.79999923706055,61.81999969482422,60.68999862670898,61.54999923706055,61.54999923706055,0.5410231254796812,0.1790374557459007,0.1100006103515696,0.1100006103515696
2014-12-10,61.45000076293945,62.95000076293945,59.83000183105469,59.97999954223633,59.97999954223633,0.0638638842643922,-2.5507712661008264,-1.5699996948242188,-1.5699996948242188
2014-12-11,60.09999847412109,60.68000030517578,59.02999877929688,59.22999954223633,59.22999954223633,-0.0328328927477193,-1.2504168151449724,-0.75,-0.75
2014-12-12,58.79999923706055,59.95000076293945,58.41999816894531,58.880001068115234,58.880001068115234,-0.3954458065431377,-0.5909141935270701,-0.3499984741210937,-0.34999847412109375
2014-12-15,59.31999969482422,61.33000183105469,58.790000915527344,59.77000045776367,59.77000045776367,0.1498790405600496,1.5115478490206558,0.8899993896484375,0.8899993896484375
2014-12-16,60.47999954223633,61.45000076293945,59.83000183105469,60.5,60.5,-0.1428816956553986,1.221347727363975,0.7299995422363281,0.7299995422363281
2014-12-17,60.5,63.290000915527344,59.9900016784668,62.70000076293945,62.70000076293945,-0.1666342469854085,3.636364897420585,2.200000762939453,2.200000762939453
2014-12-18,63.52999877929688,63.77999877929688,62.59000015258789,63.2400016784668,63.2400016784668,-0.0764026614595719,0.8612454688302407,0.5400009155273438,0.5400009155273438
2014-12-19,63.34000015258789,63.95000076293945,62.2400016784668,63.86000061035156,63.86000061035156,0.1912000470158066,0.9803904418552056,0.6199989318847656,0.6199989318847656
2014-12-22,63.84000015258789,65.0,63.27999877929688,64.38999938964844,64.38999938964844,-0.5014187278616438,0.8299385753700816,0.529998779296875,0.529998779296875
2014-12-23,64.86000061035156,66.1500015258789,64.25,64.31999969482422,64.31999969482422,-0.6557400376862055,-0.1087120600834712,-0.0699996948242187,-0.06999969482421875
2014-12-24,64.1500015258789,64.69000244140625,63.84999847412109,63.90999984741211,63.90999984741211,-0.9506089885167436,-0.6374375767372764,-0.4099998474121094,-0.4099998474121094
2014-12-26,64.2300033569336,64.93000030517578,63.16999816894531,63.25,63.25,-0.8324084224307176,-1.0327020012328103,-0.6599998474121094,-0.6599998474121094
2014-12-29,63.34999847412109,65.45999908447266,63.34999847412109,65.08999633789062,65.08999633789062,-0.6199003892296816,2.9090851191946543,1.839996337890625,1.839996337890625
2014-12-30,64.95999908447266,65.62000274658203,64.43000030517578,65.33000183105469,65.33000183105469,-0.6995909016800701,0.368728693604714,0.2400054931640625,0.2400054931640625
2014-12-31,65.33000183105469,67.86000061035156,65.05000305175781,66.30999755859375,66.30999755859375,-0.3390862024997413,1.5000699526587449,0.9799957275390624,0.9799957275390625
2015-01-02,66.5999984741211,66.66000366210938,63.290000915527344,63.77999877929688,63.77999877929688,-0.3891211626978688,-3.815410756215565,-2.529998779296868,-2.529998779296868
2015-01-05,63.380001068115234,64.16999816894531,62.0,63.08000183105469,63.08000183105469,-0.3712716122901098,-1.0975179705858151,-0.6999969482421946,-0.6999969482421946
2015-01-06,63.04999923706055,63.04999923706055,60.66999816894531,62.630001068115234,62.630001068115234,-0.3589034198815839,-0.7133810239014826,-0.4500007629394531,-0.4500007629394531
2015-01-07,63.2400016784668,65.18000030517578,63.130001068115234,64.72000122070312,64.72000122070312,-0.4419670757161158,3.3370591041741227,2.09000015258789,2.0900001525878906
2015-01-08,65.19999694824219,67.69000244140625,64.83000183105469,66.87999725341797,66.87999725341797,-0.098890284020528,3.337447453607112,2.159996032714844,2.1599960327148438
2015-01-09,66.5999984741211,66.70999908447266,64.68000030517578,64.93000030517578,64.93000030517578,-0.53543125698509,-2.915665413162871,-1.9499969482421875,-1.9499969482421875
2015-01-12,64.77999877929688,65.01000213623047,64.06999969482422,64.5,64.5,-0.4884883448890939,-0.6622521225238653,-0.4300003051757812,-0.43000030517578125
2015-01-13,65.7699966430664,66.08000183105469,62.2599983215332,63.18999862670898,63.18999862670898,-0.3504705614212253,-2.031009881071355,-1.3100013732910227,-1.3100013732910227
2015-01-14,62.5099983215332,63.77999877929688,61.650001525878906,63.0,63.0,-0.4284745021795421,-0.3006783206807473,-0.1899986267089772,-0.18999862670897727
2015-01-15,63.02000045776367,63.5,54.34999847412109,55.20000076293945,55.20000076293945,2.2398224623189145,-12.38095116993737,-7.799999237060547,-7.799999237060547
2015-01-16,55.11000061035156,58.29999923706055,54.7599983215332,57.11000061035156,57.11000061035156,0.577565512141235,3.4601446032849648,1.9099998474121092,1.9099998474121094
2015-01-20,57.25,58.18000030517578,54.810001373291016,54.93000030517578,54.93000030517578,-0.1400707428352791,-3.8171953806294345,-2.180000305175781,-2.1800003051757812
2015-01-21,54.790000915527344,55.34000015258789,53.959999084472656,54.209999084472656,54.209999084472656,-0.1849054403161854,-1.3107613630129245,-0.720001220703125,-0.720001220703125
2015-01-22,54.709999084472656,58.2599983215332,54.54999923706055,58.209999084472656,58.209999084472656,0.2246503855752289,7.37871253929927,4.0,4.0
2015-01-23,58.25,58.5099983215332,57.0,58.369998931884766,58.369998931884766,0.094924912926713,0.2748666035536695,0.1599998474121093,0.15999984741210938
2015-01-26,58.70000076293945,60.209999084472656,58.11000061035156,59.880001068115234,59.880001068115234,0.2305533864974799,2.5869490557856256,1.5100021362304688,1.5100021362304688
2015-01-27,59.59999847412109,60.95000076293945,59.0,60.27000045776367,60.27000045776367,-0.1136477863261555,0.6513015743015771,0.3899993896484375,0.3899993896484375
2015-01-28,60.34999847412109,62.7599983215332,60.16999816894531,61.65999984741211,61.65999984741211,0.7002636027394522,2.306287338793922,1.3899993896484375,1.3899993896484375
2015-01-29,61.5,64.52999877929688,61.310001373291016,64.4000015258789,64.4000015258789,0.324298663048466,4.443726378928625,2.740001678466797,2.740001678466797
2015-01-30,63.83000183105469,63.9900016784668,61.54999923706055,63.150001525878906,63.150001525878906,0.0992818897978982,-1.9409937428304105,-1.25,-1.25
2015-02-02,63.0,63.54999923706055,61.630001068115234,63.52000045776367,63.52000045776367,-0.2647365004075799,0.5859048661038369,0.3699989318847656,0.3699989318847656
2015-02-03,63.400001525878906,64.4000015258789,62.79999923706055,64.11000061035156,64.11000061035156,-0.6314252957921717,0.9288415433501118,0.5900001525878906,0.5900001525878906
2015-02-04,63.70000076293945,65.7300033569336,63.70000076293945,65.19000244140625,65.19000244140625,-0.4575678638677791,1.6846074259439403,1.0800018310546875,1.0800018310546875
2015-02-05,65.30000305175781,66.75,64.62999725341797,65.69999694824219,65.69999694824219,-0.5976938619507374,0.7823201223137399,0.5099945068359375,0.5099945068359375
2015-02-06,65.51000213623047,65.94999694824219,64.77999877929688,65.0,65.0,-0.5892610034903788,-1.0654444151552034,-0.6999969482421875,-0.6999969482421875
2015-02-09,64.88999938964844,65.16000366210938,63.38999938964844,63.65999984741211,63.65999984741211,-0.5209548499614745,-2.061538696289067,-1.3400001525878906,-1.3400001525878906
2015-02-10,64.16000366210938,64.76000213623047,63.130001068115234,64.52999877929688,64.52999877929688,-0.2273508278999902,1.366633575196485,0.8699989318847656,0.8699989318847656
2015-02-11,64.43000030517578,65.12999725341797,62.95000076293945,64.20999908447266,64.20999908447266,-0.5316364706779286,-0.4958929193826122,-0.3199996948242187,-0.31999969482421875
2015-02-12,64.66999816894531,64.66999816894531,62.5099983215332,62.79999923706055,62.79999923706055,0.5684299154758465,-2.1959194323568743,-1.4099998474121094,-1.4099998474121094
2015-02-13,63.380001068115234,64.3499984741211,62.25,63.68999862670898,63.68999862670898,-0.4823042486848309,1.4171964975490114,0.8899993896484304,0.8899993896484304
2015-02-17,63.63999938964844,67.31999969482422,63.380001068115234,66.41000366210938,66.41000366210938,-0.0883492109450798,4.270694134164632,2.7200050354003977,2.7200050354003977
2015-02-18,66.5,66.98999786376953,65.66999816894531,66.88999938964844,66.88999938964844,-0.32306377142506,0.7227762401298188,0.4799957275390625,0.4799957275390625
2015-02-19,66.54000091552734,67.56999969482422,65.91000366210938,67.44000244140625,67.44000244140625,-0.3397889407047711,0.8222500475054906,0.5500030517578125,0.5500030517578125
2015-02-20,67.66000366210938,67.95999908447266,66.7300033569336,67.9000015258789,67.9000015258789,-0.5031052995537154,0.6820863994960735,0.4599990844726562,0.45999908447265625
2015-02-23,68.0,69.43000030517578,67.7699966430664,69.22000122070312,69.22000122070312,0.2884590145919421,1.944034852961129,1.3199996948242188,1.3199996948242188
2015-02-24,69.91000366210938,69.91000366210938,67.80000305175781,68.77999877929688,68.77999877929688,0.6455905703881275,-0.635657950948787,-0.44000244140625,-0.44000244140625
2015-02-27,48.93999862670898,52.08000183105469,47.59999847412109,51.86000061035156,51.86000061035156,2.762659686861146,-24.6001722437342,-16.919998168945312,-16.919998168945312
2015-03-17,29.850000381469727,30.36000061035156,29.1200008392334,29.68000030517578,29.68000030517578,4.130890972054323,-42.76899352899067,-22.18000030517578,-22.18000030517578
2015-03-18,29.729999542236328,30.729999542236328,29.030000686645508,29.690000534057617,29.690000534057617,4.505028792412232,0.033693493190734,0.0100002288818359,0.010000228881835938
2015-03-19,29.76000022888184,30.14999961853028,29.059999465942383,29.350000381469727,29.350000381469727,3.024499942055279,-1.1451672161402415,-0.3400001525878906,-0.3400001525878906
2015-03-23,28.36000061035156,28.75,27.14999961853028,27.88999938964844,27.88999938964844,4.874809635898955,-4.97444965194298,-1.4600009918212855,-1.4600009918212855
2015-03-24,27.89999961853028,29.64999961853028,27.76000022888184,28.82999992370605,28.82999992370605,3.9051714605987256,3.370385638683437,0.94000053405761,0.9400005340576101
2015-03-27,30.020000457763672,30.989999771118164,29.6299991607666,30.559999465942383,30.559999465942383,4.191607552968905,6.0006921498942045,1.7299995422363317,1.7299995422363317
2015-03-30,30.559999465942383,31.5,29.799999237060547,30.25,30.25,5.297998582967949,-1.0143961759157216,-0.3099994659423828,-0.3099994659423828
2015-03-31,30.13999938964844,31.729999542236328,30.0,30.780000686645508,30.780000686645508,3.5013780879885563,1.7520683856049768,0.5300006866455078,0.5300006866455078
2015-04-07,34.33000183105469,34.790000915527344,33.540000915527344,33.54999923706055,33.54999923706055,4.07200151047282,8.999345317158669,2.769998550415039,2.769998550415039
2015-04-08,33.599998474121094,34.380001068115234,33.529998779296875,34.189998626708984,34.189998626708984,2.219302506732042,1.9075988202750027,0.6399993896484375,0.6399993896484375
2015-04-09,34.150001525878906,34.5,33.5099983215332,34.18000030517578,34.18000030517578,1.4647022221709562,-0.0292434101632044,-0.0099983215332031,-0.009998321533203125
2015-04-10,34.29999923706055,34.66999816894531,33.220001220703125,33.400001525878906,33.400001525878906,1.7871185106386651,-2.282032686754432,-0.779998779296875,-0.779998779296875
2015-04-13,33.400001525878906,33.72999954223633,33.06999969482422,33.22999954223633,33.22999954223633,0.8107340485701494,-0.5089879517246709,-0.1700019836425781,-0.17000198364257812
2015-04-14,33.220001220703125,33.63999938964844,32.04999923706055,33.439998626708984,33.439998626708984,2.0637162681384265,0.6319563267093598,0.2099990844726562,0.20999908447265625
2015-04-15,33.36000061035156,34.04999923706055,32.83000183105469,33.41999816894531,33.41999816894531,1.1049002611956575,-0.0598099838069243,-0.0200004577636718,-0.020000457763671875
2015-04-16,33.439998626708984,33.97999954223633,33.119998931884766,33.33000183105469,33.33000183105469,0.6632995731548804,-0.2692888773831559,-0.089996337890625,-0.089996337890625
2015-04-17,33.20000076293945,33.36000061035156,32.20000076293945,32.369998931884766,32.369998931884766,1.201878133489781,-2.8802965689472493,-0.960002899169922,-0.9600028991699219
2015-04-20,32.369998931884766,32.529998779296875,31.809999465942383,32.2400016784668,32.2400016784668,1.237155591382281,-0.4015979539928827,-0.1299972534179687,-0.12999725341796875
2015-04-21,32.810001373291016,33.720001220703125,32.41999816894531,33.36000061035156,33.36000061035156,2.430545611164024,3.473941915557699,1.1199989318847656,1.1199989318847656
2015-04-22,33.25,33.939998626708984,32.77000045776367,33.86000061035156,33.86000061035156,1.125279669141524,1.4988009318106954,0.5,0.5
2015-04-23,33.86000061035156,34.33000183105469,33.5099983215332,33.650001525878906,33.650001525878906,0.6461527609521514,-0.6201981118938771,-0.2099990844726562,-0.20999908447265625
2015-04-24,33.630001068115234,33.86000061035156,32.959999084472656,33.06999969482422,33.06999969482422,0.2819938231056672,-1.7236309205175826,-0.5800018310546875,-0.5800018310546875
2015-04-27,33.04999923706055,33.529998779296875,33.0,33.150001525878906,33.150001525878906,0.784029996779014,0.2419166368096803,0.0800018310546875,0.0800018310546875
2015-04-28,33.2599983215332,33.70000076293945,32.7599983215332,33.41999816894531,33.41999816894531,1.8028598464313348,0.814469474022883,0.2699966430664062,0.26999664306640625
2015-04-30,26.459999084472656,28.049999237060547,25.809999465942383,27.489999771118164,27.489999771118164,4.488444170773526,-17.74386212665161,-5.929998397827148,-5.929998397827148
2015-05-01,28.059999465942383,28.14999961853028,27.01000022888184,27.11000061035156,27.11000061035156,1.9197954837483069,-1.3823178025844984,-0.3799991607666051,-0.3799991607666051
2015-05-04,27.07999992370605,27.81999969482422,26.61000061035156,27.690000534057617,27.690000534057617,1.1886666552352192,2.1394316143415804,0.5799999237060582,0.5799999237060582
2015-05-05,27.57999992370605,27.86000061035156,27.030000686645508,27.229999542236328,27.229999542236328,0.6440445463370618,-1.661253098408233,-0.460000991821289,-0.46000099182128906
2015-05-06,27.100000381469727,27.450000762939453,26.89999961853028,27.229999542236328,27.229999542236328,0.1037794143100895,0.0,0.0,0.0
2015-05-07,26.93000030517578,29.200000762939453,26.809999465942383,27.06999969482422,27.06999969482422,6.654142771034612,-0.5875866694890486,-0.1599998474121093,-0.15999984741210938
2015-05-08,27.5,28.18000030517578,27.309999465942383,28.13999938964844,28.13999938964844,1.254864594149034,3.952714100062616,1.0699996948242223,1.0699996948242223
2015-05-11,28.59000015258789,28.600000381469727,27.86000061035156,28.059999465942383,28.059999465942383,0.4221198211886254,-0.2842925566497567,-0.0799999237060582,-0.07999992370605824
2015-05-12,27.229999542236328,27.46999931335449,26.5,26.600000381469727,26.600000381469727,2.379807912760867,-5.203132973130376,-1.4599990844726562,-1.4599990844726562
2015-05-13,26.799999237060547,26.959999084472656,26.25,26.489999771118164,26.489999771118164,0.9051820633261654,-0.4135361232107004,-0.1100006103515625,-0.1100006103515625
2015-05-14,26.36000061035156,26.93000030517578,26.100000381469727,26.670000076293945,26.670000076293945,1.3689892786458866,0.6795028566668249,0.1800003051757812,0.18000030517578125
2015-05-15,26.6200008392334,26.76000022888184,26.209999084472656,26.26000022888184,26.26000022888184,0.7446766572973407,-1.5373072599896287,-0.4099998474121058,-0.4099998474121058
2015-05-18,26.299999237060547,26.6299991607666,24.690000534057617,26.059999465942383,26.059999465942383,4.291536925724154,-0.7616175216917487,-0.2000007629394566,-0.20000076293945668
2015-05-19,25.56999969482422,26.780000686645508,25.32999992370605,26.38999938964844,26.38999938964844,2.806932193778028,1.266308251991077,0.3299999237060582,0.32999992370605824
2015-05-20,26.280000686645508,26.309999465942383,25.200000762939453,25.270000457763672,25.270000457763672,1.0164957950028986,-4.244027880971046,-1.1199989318847692,-1.1199989318847692
2015-05-22,21.1299991607666,21.850000381469727,20.549999237060547,21.040000915527344,21.040000915527344,4.416202683296455,-16.739214347488275,-4.229999542236328,-4.229999542236328
2015-05-26,21.290000915527344,22.299999237060547,21.040000915527344,22.040000915527344,22.040000915527344,5.2308168105670925,4.752851504212674,1.0,1.0
2015-05-27,22.100000381469727,22.190000534057617,21.559999465942383,21.56999969482422,21.56999969482422,1.1875422741071715,-2.132491838382844,-0.470001220703125,-0.470001220703125
2015-05-28,21.559999465942383,21.979999542236328,21.209999084472656,21.65999984741211,21.65999984741211,0.8118584296981972,0.417246888554601,0.0900001525878906,0.09000015258789062
2015-05-29,21.670000076293945,21.82999992370605,20.299999237060547,20.39999961853028,20.39999961853028,3.696317666063845,-5.817175612918457,-1.2600002288818324,-1.2600002288818288
2015-06-01,20.6299991607666,21.1299991607666,20.06999969482422,21.09000015258789,21.09000015258789,2.937079309349562,3.382355622354294,0.6900005340576136,0.6900005340576101
2015-06-02,21.09000015258789,22.31999969482422,21.040000915527344,22.01000022888184,22.01000022888184,2.185571072890608,4.362257324028795,0.9200000762939488,0.9200000762939489
2015-06-03,22.3700008392334,22.5,21.530000686645508,21.57999992370605,21.57999992370605,1.977982207124781,-1.953658794657964,-0.4300003051757883,-0.43000030517578836
2015-06-04,21.39999961853028,21.75,21.100000381469727,21.229999542236328,21.229999542236328,0.5604186999385059,-1.6218738772340813,-0.350000381469723,-0.350000381469723
2015-06-05,21.25,21.690000534057617,20.90999984741211,21.3700008392334,21.3700008392334,0.4028647943708067,0.659450306244902,0.1400012969970703,0.1400012969970703
2015-06-08,21.299999237060547,21.51000022888184,20.40999984741211,20.600000381469727,20.600000381469727,1.924293008260498,-3.603184031467233,-0.7700004577636719,-0.7700004577636719
2015-06-09,20.6200008392334,20.700000762939453,20.01000022888184,20.39999961853028,20.39999961853028,0.8794618450220717,-0.970877472018672,-0.2000007629394495,-0.20000076293944602
2015-06-10,20.39999961853028,21.030000686645508,20.350000381469727,20.790000915527344,20.790000915527344,0.5349795769164243,1.9117710994602577,0.3900012969970667,0.3900012969970632
2015-06-11,20.799999237060547,21.15999984741211,20.530000686645508,20.63999938964844,20.63999938964844,0.0045527797598703,-0.721508029212603,-0.1500015258789027,-0.1500015258789027
2015-06-12,20.88999938964844,23.200000762939453,20.600000381469727,21.489999771118164,21.489999771118164,6.239105587143965,4.118219024250669,0.850000381469723,0.850000381469723
2015-06-15,21.309999465942383,21.559999465942383,20.790000915527344,21.479999542236328,21.479999542236328,1.947764464308496,-0.0465343368466486,-0.0100002288818359,-0.010000228881835938
2015-06-16,21.32999992370605,21.86000061035156,21.1200008392334,21.18000030517578,21.18000030517578,1.0742608754563547,-1.3966445225972013,-0.2999992370605469,-0.2999992370605469
2015-06-17,21.350000381469727,21.479999542236328,21.01000022888184,21.01000022888184,21.01000022888184,0.1212073217948305,-0.8026443524290161,-0.1700000762939417,-0.17000007629394176
2015-06-18,21.040000915527344,21.1299991607666,20.479999542236328,20.57999992370605,20.57999992370605,1.3405986551626794,-2.04664588525173,-0.4300003051757883,-0.43000030517578836
2015-06-19,20.65999984741211,20.850000381469727,20.43000030517578,20.709999084472656,20.709999084472656,1.8488189250402889,0.631677168360234,0.1299991607666051,0.12999916076660512
2015-06-22,20.76000022888184,20.850000381469727,20.059999465942383,20.36000061035156,20.36000061035156,1.2692004535316437,-1.6899975354586538,-0.3499984741210973,-0.3499984741210973
2015-06-23,20.32999992370605,21.950000762939453,20.239999771118164,21.600000381469727,21.600000381469727,2.885638872741375,6.090371974191977,1.2399997711181676,1.2399997711181676
2015-06-24,21.790000915527344,22.979999542236328,21.790000915527344,22.290000915527344,22.290000915527344,3.9390434420811657,3.194446860517441,0.6900005340576172,0.6900005340576172
2015-06-25,22.200000762939453,22.61000061035156,21.100000381469727,21.200000762939453,21.200000762939453,2.326399809178596,-4.890085723722826,-1.0900001525878906,-1.0900001525878906
2015-06-26,21.200000762939453,21.63999938964844,20.700000762939453,21.1200008392334,21.1200008392334,1.8495216632453189,-0.3773581171086837,-0.0799999237060546,-0.07999992370605469
2015-06-29,20.89999961853028,21.82999992370605,20.600000381469727,20.940000534057617,20.940000534057617,1.472432342426285,-0.8522741383674814,-0.1800003051757812,-0.18000030517578125
2015-06-30,21.0,21.1200008392334,20.290000915527344,20.709999084472656,20.709999084472656,0.6579587627966533,-1.098383207826947,-0.2300014495849609,-0.23000144958496094
2015-07-01,20.89999961853028,20.93000030517578,20.5,20.93000030517578,20.93000030517578,0.7089775564818227,1.0622946906263753,0.220001220703125,0.220001220703125
2015-07-02,20.93000030517578,21.420000076293945,20.600000381469727,20.63999938964844,20.63999938964844,0.2659713920309859,-1.3855753048203523,-0.2900009155273402,-0.2900009155273402
2015-07-06,20.5,20.8799991607666,20.290000915527344,20.61000061035156,20.61000061035156,0.2606305816727589,-0.1453429272479933,-0.0299987792968821,-0.029998779296882105
2015-07-07,20.64999961853028,20.89999961853028,20.15999984741211,20.489999771118164,20.489999771118164,1.354653419263277,-0.5822456850055779,-0.1200008392333948,-0.12000083923339488
2015-07-08,20.350000381469727,20.75,18.76000022888184,19.670000076293945,19.670000076293945,2.677768911693536,-4.001950727105696,-0.8199996948242188,-0.8199996948242188
2015-07-09,19.89999961853028,20.0,19.32999992370605,19.90999984741211,19.90999984741211,1.2495237837908069,1.2201310126450426,0.239999771118164,0.23999977111816406
2015-07-10,20.15999984741211,20.700000762939453,20.049999237060547,20.309999465942383,20.309999465942383,1.108132856938795,2.009038782500361,0.3999996185302734,0.39999961853027344
2015-07-13,20.459999084472656,21.170000076293945,20.309999465942383,20.739999771118164,20.739999771118164,1.395974425719034,2.117185211633532,0.4300003051757812,0.43000030517578125
2015-07-14,20.709999084472656,21.14999961853028,20.38999938964844,20.709999084472656,20.709999084472656,0.3101033513068624,-0.1446513354705358,-0.0300006866455078,-0.030000686645507812
2015-07-15,20.75,20.76000022888184,20.5,20.5,20.5,-0.2363458769243727,-1.0139985212751834,-0.2099990844726562,-0.20999908447265625
2015-07-16,20.530000686645508,20.56999969482422,20.100000381469727,20.40999984741211,20.40999984741211,0.3136170423320119,-0.4390251345750773,-0.0900001525878906,-0.09000015258789062
2015-07-17,20.3700008392334,20.3700008392334,19.239999771118164,19.38999938964844,19.38999938964844,2.0668083162405577,-4.9975525006826444,-1.0200004577636683,-1.0200004577636683
2015-07-20,19.3700008392334,19.850000381469727,18.989999771118164,19.209999084472656,19.209999084472656,0.936243091988486,-0.9283151667961342,-0.1800003051757848,-0.1800003051757848
2015-07-21,19.14999961853028,19.459999084472656,19.049999237060547,19.059999465942383,19.059999465942383,-0.075840470895548,-0.7808413622024446,-0.1499996185302734,-0.14999961853027344
2015-07-22,19.01000022888184,19.690000534057617,18.90999984741211,19.61000061035156,19.61000061035156,0.4728575195917828,2.88563042927652,0.5500011444091761,0.5500011444091761
2015-07-23,19.729999542236328,19.959999084472656,19.229999542236328,19.690000534057617,19.690000534057617,1.1871206311841536,0.4079547231825575,0.0799999237060582,0.07999992370605824
2015-07-24,19.63999938964844,19.670000076293945,19.11000061035156,19.21999931335449,19.21999931335449,0.0852271256973006,-2.387004611250121,-0.4700012207031285,-0.47000122070312855
2015-07-27,19.06999969482422,19.270000457763672,18.75,18.979999542236328,18.979999542236328,-0.2682501914327293,-1.2486981253501006,-0.2399997711181605,-0.2399997711181605
2015-07-28,19.030000686645508,19.14999961853028,18.26000022888184,18.959999084472656,18.959999084472656,0.2578196288526393,-0.1053764923395483,-0.0200004577636718,-0.020000457763671875
2015-07-29,18.89999961853028,19.489999771118164,18.6200008392334,19.059999465942383,19.059999465942383,0.7868409495991335,0.5274281977767803,0.1000003814697265,0.10000038146972656
2015-07-30,19.0,19.299999237060547,18.86000061035156,19.13999938964844,19.13999938964844,-0.3101333884525102,0.4197267888123912,0.0799999237060582,0.07999992370605824
2015-07-31,19.100000381469727,19.46999931335449,19.059999465942383,19.299999237060547,19.299999237060547,0.1293590849731771,0.8359448929692093,0.1599998474121058,0.15999984741210582
2015-08-03,19.36000061035156,19.450000762939453,18.13999938964844,18.59000015258789,18.59000015258789,1.219165493333516,-3.6787518784419992,-0.7099990844726562,-0.7099990844726562
2015-08-04,18.540000915527344,18.96999931335449,18.299999237060547,18.36000061035156,18.36000061035156,1.7064441647012352,-1.2372218415733216,-0.2299995422363316,-0.22999954223633168
2015-08-07,12.18000030517578,12.510000228881836,11.899999618530272,12.0600004196167,12.0600004196167,2.084657866648317,-34.31372538834696,-6.30000019073486,-6.30000019073486
2015-08-10,12.109999656677246,13.25,12.029999732971191,12.859999656677246,12.859999656677246,3.4126925265137853,6.6334926138085,0.7999992370605469,0.7999992370605469
2015-08-11,12.770000457763672,13.1899995803833,12.449999809265137,12.550000190734863,12.550000190734863,0.9443948551668327,-2.410571339179024,-0.3099994659423828,-0.3099994659423828
2015-08-12,12.529999732971191,13.630000114440918,12.5,13.34000015258789,13.34000015258789,1.8263313024793328,6.2948203175028805,0.7899999618530273,0.7899999618530273
2015-08-13,13.649999618530272,13.899999618530272,12.960000038146973,13.010000228881836,13.010000228881836,1.9816364457909363,-2.47376251822633,-0.3299999237060547,-0.3299999237060547
2015-08-17,13.600000381469728,14.4399995803833,13.43000030517578,14.119999885559082,14.119999885559082,3.8358814735827793,8.531895750571007,1.109999656677246,1.109999656677246
2015-08-18,14.25,15.539999961853027,14.210000038146973,14.960000038146973,14.960000038146973,4.59694694963014,5.949009627450375,0.8400001525878906,0.8400001525878906
2015-08-19,14.970000267028809,14.979999542236328,13.699999809265137,14.210000038146973,14.210000038146973,2.152261281972192,-5.01336897117347,-0.75,-0.75
2015-08-21,15.0600004196167,15.729999542236328,14.800000190734863,15.449999809265137,15.449999809265137,2.532021007970339,8.726247486202432,1.239999771118164,1.239999771118164
2015-08-24,14.479999542236328,15.4399995803833,13.539999961853027,14.970000267028809,14.970000267028809,2.2912628989271018,-3.106793191987478,-0.4799995422363281,-0.4799995422363281
2015-08-25,15.380000114440918,15.4399995803833,14.609999656677246,14.720000267028809,14.720000267028809,0.959995643318496,-1.6700066502378208,-0.25,-0.25
2015-08-26,14.979999542236328,15.140000343322754,14.359999656677246,14.93000030517578,14.93000030517578,1.501666251755528,1.426630668053375,0.2100000381469708,0.21000003814697088
2015-08-27,15.149999618530272,16.489999771118164,14.93000030517578,15.369999885559082,15.369999885559082,3.26863119448266,2.947083532414707,0.4399995803833025,0.43999958038330256
2015-08-28,15.260000228881836,15.619999885559082,14.789999961853027,14.93000030517578,14.93000030517578,1.0103116987986356,-2.862716874817317,-0.4399995803833025,-0.43999958038330256
2015-08-31,14.699999809265137,15.15999984741211,14.40999984741211,15.109999656677246,15.109999656677246,1.1619626034440838,1.205621887623587,0.1799993515014666,0.17999935150146662
2015-09-01,14.640000343322754,15.260000228881836,14.43000030517578,14.520000457763672,14.520000457763672,1.019728390746036,-3.904693661940939,-0.5899991989135742,-0.5899991989135742
2015-09-02,14.609999656677246,14.800000190734863,14.15999984741211,14.550000190734863,14.550000190734863,0.6640023113599104,0.2066097246928855,0.0299997329711914,0.029999732971191406
2015-09-03,14.460000038146973,15.06999969482422,14.460000038146973,14.760000228881836,14.760000228881836,0.3455213568403684,1.4432992123305732,0.2100000381469726,0.21000003814697266
2015-09-04,14.550000190734863,14.699999809265137,14.130000114440918,14.279999732971191,14.279999732971191,0.0853676733383066,-3.25203582972442,-0.4800004959106445,-0.48000049591064453
2015-09-08,14.34000015258789,14.970000267028809,14.3100004196167,14.9399995803833,14.9399995803833,0.1540954697902289,4.621847757379372,0.6599998474121094,0.6599998474121094
2015-09-09,15.0,15.390000343322754,14.890000343322754,14.989999771118164,14.989999771118164,0.3573273586848704,0.334673307491351,0.0500001907348632,0.05000019073486328
2015-09-10,14.920000076293944,15.829999923706056,14.90999984741211,15.170000076293944,15.170000076293944,0.825351003234771,1.2008025878865736,0.1800003051757794,0.18000030517577947
2015-09-11,15.15999984741211,15.600000381469728,15.079999923706056,15.520000457763672,15.520000457763672,0.1820644503504181,2.3071877370433924,0.3500003814697283,0.35000038146972834
2015-09-14,15.380000114440918,15.65999984741211,15.109999656677246,15.579999923706056,15.579999923706056,0.0395491423703584,0.3865944856488168,0.0599994659423845,0.05999946594238459
2015-09-15,15.579999923706056,16.0,15.4399995803833,15.890000343322754,15.890000343322754,0.9587307145494424,1.989733126667148,0.3100004196166974,0.31000041961669744
2015-09-16,15.850000381469728,16.600000381469727,15.800000190734863,16.469999313354492,16.469999313354492,0.2741231552093325,3.650087838264038,0.5799989700317383,0.5799989700317383
2015-09-17,16.399999618530273,17.100000381469727,16.209999084472656,16.670000076293945,16.670000076293945,0.6323790921335657,1.2143337661057796,0.2000007629394531,0.20000076293945312
2015-09-18,16.450000762939453,16.639999389648438,15.18000030517578,15.539999961853027,15.539999961853027,2.7412964454282376,-6.778644926630006,-1.130000114440918,-1.130000114440918
2015-09-21,15.359999656677246,15.600000381469728,14.619999885559082,14.710000038146973,14.710000038146973,2.2676508952380976,-5.341054863214323,-0.8299999237060547,-0.8299999237060547
2015-09-22,14.449999809265137,14.640000343322754,14.18000030517578,14.539999961853027,14.539999961853027,0.5985071106511255,-1.1556769262616506,-0.1700000762939453,-0.1700000762939453
2015-09-23,14.460000038146973,14.8100004196167,14.140000343322754,14.18000030517578,14.18000030517578,-0.0258055106974205,-2.475926118443872,-0.3599996566772478,-0.35999965667724787
2015-09-24,14.229999542236328,14.31999969482422,13.93000030517578,14.100000381469728,14.100000381469728,0.2753880839783863,-0.5641743440361613,-0.0799999237060511,-0.07999992370605113
2015-09-25,14.18000030517578,14.3100004196167,13.90999984741211,14.010000228881836,14.010000228881836,-0.0941116642263249,-0.638298937255144,-0.0900001525878924,-0.0900001525878924
2015-09-28,13.9399995803833,14.199999809265137,13.0600004196167,13.199999809265137,13.199999809265137,0.5829063224994622,-5.781587483109895,-0.8100004196166992,-0.8100004196166992
2015-09-29,13.140000343322754,13.31999969482422,12.720000267028809,12.850000381469728,12.850000381469728,0.5574671994773804,-2.6515108549451827,-0.3499994277954084,-0.3499994277954084
2015-09-30,13.010000228881836,13.65999984741211,12.869999885559082,13.140000343322754,13.140000343322754,0.306730207922719,2.25680897466134,0.2899999618530255,0.28999996185302557
2015-10-01,13.210000038146973,14.199999809265137,12.800000190734863,13.869999885559082,13.869999885559082,1.548468616210518,5.555551926657953,0.7299995422363281,0.7299995422363281
2015-10-02,13.640000343322754,14.40999984741211,13.479999542236328,14.100000381469728,14.100000381469728,0.9625255008566036,1.658258816210334,0.2300004959106463,0.2300004959106463
2015-10-05,14.140000343322754,14.380000114440918,13.890000343322754,13.899999618530272,13.899999618530272,0.4194494160095118,-1.4184450888547362,-0.2000007629394566,-0.20000076293945668
2015-10-06,13.859999656677246,14.489999771118164,13.800000190734863,14.06999969482422,14.06999969482422,0.5654784150147211,1.2230221651756024,0.1700000762939488,0.17000007629394887
2015-10-07,14.210000038146973,14.9399995803833,14.15999984741211,14.579999923706056,14.579999923706056,0.6864899339208665,3.6247351808361694,0.5100002288818359,0.5100002288818359
2015-10-08,15.859999656677246,16.43000030517578,15.3100004196167,16.420000076293945,16.420000076293945,5.476072444122521,12.620028547436243,1.8400001525878888,1.8400001525878888
2015-10-12,18.93000030517578,19.030000686645508,16.559999465942383,16.600000381469727,16.600000381469727,2.855140034643078,1.0962259703984678,0.1800003051757812,0.18000030517578125
2015-10-13,16.59000015258789,18.0,16.31999969482422,17.020000457763672,17.020000457763672,1.7279479537751494,2.5301208833873545,0.4200000762939453,0.4200000762939453
2015-10-14,17.209999084472656,17.6200008392334,16.469999313354492,16.68000030517578,16.68000030517578,0.9098201354793626,-1.9976506665297933,-0.3400001525878906,-0.3400001525878906
2015-10-15,16.760000228881836,17.43000030517578,16.389999389648438,16.84000015258789,16.84000015258789,1.6208506513285956,0.959231681563355,0.1599998474121093,0.15999984741210938
2015-10-16,16.8700008392334,17.700000762939453,16.709999084472656,17.510000228881836,17.510000228881836,1.1418642907802292,3.9786227447924594,0.6700000762939453,0.6700000762939453
2015-10-19,17.389999389648438,17.770000457763672,16.399999618530273,16.489999771118164,16.489999771118164,1.265967857788506,-5.825245256600475,-1.020000457763672,-1.0200004577636719
2015-10-20,16.5,17.049999237060547,16.15999984741211,16.260000228881836,16.260000228881836,0.5623863669125896,-1.3947819613628345,-0.2299995422363281,-0.22999954223632812
2015-10-21,16.360000610351562,16.440000534057617,15.199999809265137,15.539999961853027,15.539999961853027,1.155075769034791,-4.428045860355567,-0.7200002670288086,-0.7200002670288086
2015-10-22,15.59000015258789,16.309999465942383,15.25,15.279999732971191,15.279999732971191,1.4557071731465738,-1.6731031500648252,-0.2600002288818359,-0.26000022888183594
2015-10-23,15.59000015258789,15.75,14.800000190734863,15.1899995803833,15.1899995803833,1.1299177412947212,-0.5890062445072397,-0.0900001525878906,-0.09000015258789062
2015-10-26,15.1899995803833,15.699999809265137,14.25,14.369999885559082,14.369999885559082,1.247837212098735,-5.398286487665116,-0.8199996948242188,-0.8199996948242188
2015-10-27,14.199999809265137,14.529999732971191,13.770000457763672,13.829999923706056,13.829999923706056,1.2465722833296815,-3.757828574485167,-0.5399999618530256,-0.5399999618530256
2015-10-28,13.949999809265137,14.130000114440918,13.600000381469728,13.93000030517578,13.93000030517578,1.083677567403755,0.7230685612536591,0.100000381469723,0.10000038146972301
2015-10-29,13.93000030517578,14.279999732971191,13.760000228881836,13.800000190734863,13.800000190734863,0.7857165684710856,-0.9332384177523244,-0.1300001144409162,-0.1300001144409162
2015-10-30,13.829999923706056,14.0600004196167,13.520000457763672,13.81999969482422,13.81999969482422,0.1673069480447907,0.144923940673447,0.0199995040893572,0.019999504089357245
2015-11-02,13.800000190734863,14.34000015258789,13.59000015258789,14.020000457763672,14.020000457763672,1.171800938314502,1.44718355539728,0.2000007629394513,0.20000076293945135
2015-11-03,14.050000190734863,14.5600004196167,13.84000015258789,14.220000267028809,14.220000267028809,0.959714548036484,1.4265321165120692,0.1999998092651367,0.19999980926513672
2015-11-05,15.510000228881836,16.6299991607666,15.289999961853027,16.389999389648438,16.389999389648438,2.5233070542279683,15.260190449159804,2.169999122619629,2.169999122619629
2015-11-06,16.459999084472656,17.420000076293945,16.219999313354492,16.709999084472656,16.709999084472656,1.9095355059548704,1.9524082168442591,0.3199996948242187,0.31999969482421875
2015-11-09,16.709999084472656,17.239999771118164,15.899999618530272,16.1299991607666,16.1299991607666,0.8788996544580479,-3.470975197389481,-0.5799999237060547,-0.5799999237060547
2015-11-10,16.110000610351562,16.1299991607666,15.229999542236328,15.56999969482422,15.56999969482422,0.4797443540010756,-3.4717885621747717,-0.559999465942381,-0.559999465942381
2015-11-11,15.550000190734863,15.720000267028809,14.829999923706056,14.859999656677246,14.859999656677246,0.2635820821338843,-4.560051715241798,-0.7100000381469744,-0.7100000381469744
2015-11-12,14.75,15.109999656677246,14.65999984741211,14.899999618530272,14.899999618530272,-0.0475903950533468,0.2691787535476386,0.0399999618530255,0.03999996185302557
2015-11-13,14.8100004196167,14.970000267028809,13.8100004196167,13.869999885559082,13.869999885559082,0.619027066237998,-6.912750062692874,-1.0299997329711896,-1.0299997329711896
2015-11-16,13.829999923706056,14.029999732971191,13.25,14.010000228881836,14.010000228881836,0.925139828349014,1.0093752305543768,0.1400003433227539,0.1400003433227539
2015-11-17,14.100000381469728,14.279999732971191,13.529999732971191,13.609999656677246,13.609999656677246,0.8500873880518227,-2.855107535116108,-0.4000005722045898,-0.40000057220458984
2015-11-18,13.739999771118164,14.020000457763672,13.56999969482422,13.989999771118164,13.989999771118164,0.2290073624464142,2.79206556963052,0.3800001144409179,0.38000011444091797
2015-11-19,13.979999542236328,14.140000343322754,13.65999984741211,13.850000381469728,13.850000381469728,-0.0949549500723607,-1.0007104498847783,-0.1399993896484357,-0.13999938964843572
2015-11-20,13.960000038146973,14.210000038146973,13.710000038146973,13.899999618530272,13.899999618530272,0.3900749590392628,0.3610053117936163,0.0499992370605433,0.04999923706054332
2015-11-23,13.850000381469728,14.68000030517578,13.75,14.600000381469728,14.600000381469728,0.6260544482882968,5.035976850001322,0.7000007629394567,0.7000007629394567
2015-11-24,14.550000190734863,15.359999656677246,14.300000190734863,15.119999885559082,15.119999885559082,0.6566938340275996,3.5616403459094004,0.5199995040893537,0.5199995040893537
2015-11-25,15.029999732971191,15.960000038146973,15.0,15.739999771118164,15.739999771118164,0.3238770201254481,4.100528374680978,0.619999885559082,0.619999885559082
2015-11-27,15.760000228881836,15.970000267028809,14.81999969482422,14.880000114440918,14.880000114440918,0.0696263375456373,-5.463784429370111,-0.8599996566772461,-0.8599996566772461
2015-11-30,14.899999618530272,15.699999809265137,14.869999885559082,15.619999885559082,15.619999885559082,0.4748251865658665,4.97311670313767,0.7399997711181641,0.7399997711181641
2015-12-01,15.670000076293944,15.670000076293944,14.699999809265137,15.079999923706056,15.079999923706056,1.012419913413725,-3.457106055117598,-0.5399999618530256,-0.5399999618530256
2015-12-02,15.039999961853027,15.329999923706056,14.770000457763672,14.800000190734863,14.800000190734863,-0.098890284020528,-1.8567621643752696,-0.2799997329711932,-0.2799997329711932
2015-12-03,14.75,14.850000381469728,13.949999809265137,14.029999732971191,14.029999732971191,0.5642134862456673,-5.202705728650658,-0.7700004577636719,-0.7700004577636719
2015-12-04,14.029999732971191,14.479999542236328,13.899999618530272,14.390000343322754,14.390000343322754,-0.0565854440777292,2.5659345488478147,0.3600006103515625,0.3600006103515625
2015-12-07,14.3100004196167,14.380000114440918,13.869999885559082,14.270000457763672,14.270000457763672,0.0783402912880078,-0.8339116240171918,-0.119999885559082,-0.11999988555908203
2015-12-08,14.050000190734863,14.18000030517578,13.850000381469728,13.960000038146973,13.960000038146973,-0.2132960637993926,-2.1723924994553334,-0.3100004196166992,-0.3100004196166992
2015-12-09,13.9399995803833,14.289999961853027,13.600000381469728,13.90999984741211,13.90999984741211,0.0100341377591034,-0.3581675544286011,-0.0500001907348632,-0.05000019073486328
2015-12-10,13.850000381469728,14.5600004196167,13.729999542236328,14.43000030517578,14.43000030517578,-0.057990920487789,3.738321088913698,0.5200004577636701,0.5200004577636701
2015-12-11,14.210000038146973,14.329999923706056,13.800000190734863,13.890000343322754,13.890000343322754,0.0330839508840834,-3.742203398702193,-0.5399999618530256,-0.5399999618530256
2015-12-14,13.81999969482422,14.140000343322754,13.520000457763672,14.0600004196167,14.0600004196167,1.0697633509441635,1.2239026068539216,0.1700000762939453,0.1700000762939453
2015-12-16,17.81999969482422,18.8700008392334,17.549999237060547,18.68000030517578,18.68000030517578,5.77824987228537,32.85917316981865,4.619999885559082,4.619999885559082
2015-12-17,17.690000534057617,17.719999313354492,16.170000076293945,16.719999313354492,16.719999313354492,4.754079212274822,-10.492510491438376,-1.960000991821289,-1.960000991821289
2015-12-18,16.760000228881836,17.100000381469727,16.3799991607666,16.68000030517578,16.68000030517578,1.8751013339084064,-0.2392285276397343,-0.0399990081787109,-0.03999900817871094
2015-12-21,16.690000534057617,16.770000457763672,15.640000343322754,16.219999313354492,16.219999313354492,3.3837397124665545,-2.7577996607023536,-0.460000991821289,-0.46000099182128906
2015-12-22,16.25,17.59000015258789,16.09000015258789,17.420000076293945,17.420000076293945,2.6398210486219225,7.398278753017284,1.2000007629394531,1.2000007629394531
2015-12-23,17.540000915527344,18.200000762939453,17.110000610351562,17.5,17.5,1.2797415266070915,0.4592418103081641,0.0799999237060546,0.07999992370605469
2015-12-24,17.510000228881836,18.450000762939453,17.43000030517578,18.350000381469727,18.350000381469727,0.0080664707850197,4.8571450369698566,0.8500003814697266,0.8500003814697266
2015-12-28,18.15999984741211,18.32999992370605,17.760000228881836,17.799999237060547,17.799999237060547,-0.2508222839479883,-2.9972813786128483,-0.5500011444091797,-0.5500011444091797
2015-12-29,17.989999771118164,18.34000015258789,17.559999465942383,17.649999618530273,17.649999618530273,0.9293562575791932,-0.8426945222445026,-0.1499996185302734,-0.14999961853027344
2015-12-30,17.520000457763672,18.13999938964844,17.190000534057617,17.290000915527344,17.290000915527344,0.4796038063600696,-2.0396527523149466,-0.3599987030029297,-0.3599987030029297
2015-12-31,17.209999084472656,17.65999984741211,17.1299991607666,17.360000610351562,17.360000610351562,0.0783402912880078,0.4048565131153703,0.0699996948242187,0.06999969482421875
2016-01-04,17.030000686645508,17.420000076293945,16.829999923706055,17.100000381469727,17.100000381469727,0.6041290162913645,-1.4976971183215282,-0.2600002288818359,-0.26000022888183594
2016-01-05,17.170000076293945,17.209999084472656,16.15999984741211,16.329999923706055,16.329999923706055,0.9316050198352888,-4.502926553136666,-0.7700004577636719,-0.7700004577636719
2016-01-06,16.079999923706055,16.100000381469727,14.859999656677246,15.149999618530272,15.149999618530272,1.5933033136914243,-7.2259663851118034,-1.180000305175783,-1.180000305175783
2016-01-07,14.81999969482422,15.050000190734863,13.850000381469728,13.979999542236328,13.979999542236328,1.043199846794034,-7.722772975273829,-1.1700000762939435,-1.1700000762939435
2016-01-08,14.399999618530272,14.460000038146973,13.460000038146973,13.710000038146973,13.710000038146973,1.7650525310007272,-1.931326988056281,-0.2699995040893554,-0.26999950408935547
2016-01-11,13.789999961853027,13.869999885559082,12.829999923706056,13.09000015258789,13.09000015258789,0.7733483760625598,-4.522245688066972,-0.619999885559082,-0.619999885559082
2016-01-12,13.3100004196167,13.56999969482422,12.68000030517578,12.989999771118164,12.989999771118164,0.5647756768096912,-0.7639448457145814,-0.1000003814697265,-0.10000038146972656
2016-01-13,12.989999771118164,13.520000457763672,12.550000190734863,12.600000381469728,12.600000381469728,0.5251412420460059,-3.002304823095969,-0.3899993896484357,-0.3899993896484357
2016-01-14,12.609999656677246,12.850000381469728,11.899999618530272,12.539999961853027,12.539999961853027,1.4853627253988346,-0.4761937920648051,-0.0600004196167009,-0.060000419616700995
2016-01-15,12.130000114440918,12.300000190734863,11.739999771118164,12.149999618530272,12.149999618530272,0.7920412123163546,-3.1100505941718204,-0.3900003433227557,-0.3900003433227557
2016-01-19,12.420000076293944,12.520000457763672,11.5,11.6899995803833,11.6899995803833,0.712631795147978,-3.786008663287632,-0.4600000381469709,-0.4600000381469709
2016-01-20,11.390000343322754,11.84000015258789,10.529999732971191,11.699999809265137,11.699999809265137,1.5037744663706176,0.0855451603147816,0.0100002288818359,0.010000228881835938
2016-01-21,11.640000343322754,12.390000343322754,11.489999771118164,12.0,12.0,0.3034976121795815,2.5641042361154165,0.3000001907348633,0.3000001907348633
2016-01-22,12.260000228881836,12.93000030517578,12.130000114440918,12.300000190734863,12.300000190734863,0.1032172237460655,2.5000015894572014,0.3000001907348633,0.3000001907348633
2016-01-25,12.210000038146973,12.229999542236328,11.789999961853027,11.989999771118164,11.989999771118164,0.0458737862156273,-2.520328575687436,-0.3100004196166992,-0.3100004196166992
2016-01-26,12.109999656677246,12.84000015258789,11.970000267028809,12.770000457763672,12.770000457763672,0.1054659860021612,6.505427035323175,0.7800006866455078,0.7800006866455078
2016-01-27,12.68000030517578,13.109999656677246,12.43000030517578,12.5600004196167,12.5600004196167,-0.157920293243038,-1.644479488012085,-0.2100000381469726,-0.21000003814697266
2016-01-28,12.789999961853027,13.039999961853027,12.329999923706056,12.890000343322754,12.890000343322754,0.4441858008265636,2.627387839817641,0.3299999237060547,0.3299999237060547
2016-01-29,12.84000015258789,13.289999961853027,12.770000457763672,12.90999984741211,12.90999984741211,0.1954164762459859,0.1551551866305178,0.0199995040893554,0.01999950408935547
2016-02-02,13.149999618530272,13.390000343322754,12.600000381469728,12.770000457763672,12.770000457763672,0.5933068479339043,-1.0844259589708805,-0.1399993896484375,-0.1399993896484375
2016-02-03,12.899999618530272,12.949999809265137,12.06999969482422,12.380000114440918,12.380000114440918,0.2706094641841831,-3.054035468617766,-0.3900003433227539,-0.3900003433227539
2016-02-04,12.31999969482422,13.149999618530272,12.260000228881836,12.739999771118164,12.739999771118164,0.2219799803961154,2.9079131934523605,0.3599996566772461,0.3599996566772461
2016-02-05,12.68000030517578,12.729999542236328,12.270000457763672,12.34000015258789,12.34000015258789,-0.2565847372292333,-3.1397144875707217,-0.3999996185302734,-0.39999961853027344
2016-02-08,12.199999809265137,12.43000030517578,11.859999656677246,12.350000381469728,12.350000381469728,0.4603487795422509,0.081039130941507,0.0100002288818377,0.010000228881837714
2016-02-09,12.0600004196167,12.579999923706056,11.970000267028809,12.09000015258789,12.09000015258789,0.1040605095921014,-2.105264946161045,-0.2600002288818377,-0.2600002288818377
2016-02-10,12.100000381469728,13.029999732971191,11.739999771118164,12.40999984741211,12.40999984741211,2.5814937776044427,2.6468129924359207,0.3199996948242187,0.31999969482421875
2016-02-11,12.15999984741211,12.460000038146973,11.5,11.789999961853027,11.789999961853027,0.8212751216455977,-4.995970130397486,-0.619999885559082,-0.619999885559082
2016-02-12,11.960000038146973,12.609999656677246,11.949999809265137,12.329999923706056,12.329999923706056,0.4527592069279282,4.580152363021361,0.5399999618530291,0.5399999618530291
2016-02-16,12.6899995803833,13.949999809265137,12.579999923706056,13.81999969482422,13.81999969482422,0.7502985629375797,12.084345339317014,1.489999771118164,1.489999771118164
2016-02-17,14.449999809265137,16.1200008392334,14.359999656677246,14.770000457763672,14.770000457763672,3.551272500545678,6.87410118608931,0.9500007629394512,0.9500007629394513
2016-02-18,14.890000343322754,14.890000343322754,13.739999771118164,14.420000076293944,14.420000076293944,0.9765802649572012,-2.3696707557361973,-0.3500003814697283,-0.35000038146972834
2016-02-19,14.390000343322754,14.460000038146973,13.81999969482422,14.210000038146973,14.210000038146973,0.3661818600682469,-1.4563109364486349,-0.2100000381469708,-0.21000003814697088
2016-02-23,11.5,11.869999885559082,11.210000038146973,11.270000457763672,11.270000457763672,2.7039107729206475,-20.68965216390447,-2.939999580383301,-2.939999580383301
2016-02-24,11.25,11.59000015258789,10.84000015258789,11.390000343322754,11.390000343322754,1.419726977049044,1.0647726768850063,0.119999885559082,0.11999988555908203
2016-02-25,11.369999885559082,11.470000267028809,10.75,11.239999771118164,11.239999771118164,2.0808630803411554,-1.3169496723722696,-0.1500005722045898,-0.15000057220458984
2016-02-26,11.369999885559082,11.4399995803833,11.050000190734863,11.109999656677246,11.109999656677246,1.879739406061604,-1.1565846716025785,-0.1300001144409179,-0.13000011444091797
2016-03-01,11.420000076293944,11.5,10.729999542236328,11.1899995803833,11.1899995803833,2.5448108433018826,0.7200713427382821,0.0799999237060546,0.07999992370605469
2016-03-02,11.029999732971191,11.420000076293944,10.920000076293944,11.380000114440918,11.380000114440918,1.4519123868394126,1.6979494296916586,0.1900005340576172,0.1900005340576172
2016-03-03,11.270000457763672,12.40999984741211,11.25,12.010000228881836,12.010000228881836,2.7930179773184367,5.536029069467796,0.630000114440918,0.630000114440918
2016-03-04,12.100000381469728,12.920000076293944,12.010000228881836,12.210000038146973,12.210000038146973,1.6448842979406175,1.665277314351532,0.1999998092651367,0.19999980926513672
2016-03-07,12.25,13.899999618530272,12.210000038146973,13.84000015258789,13.84000015258789,2.0982909878258966,13.349714245277688,1.630000114440918,1.630000114440918
2016-03-09,12.199999809265137,12.199999809265137,11.289999961853027,11.800000190734863,11.800000190734863,3.710653525446455,-14.739883954925936,-2.039999961853028,-2.0399999618530273
2016-03-10,11.84000015258789,11.899999618530272,11.300000190734863,11.479999542236328,11.479999542236328,1.4517718391984065,-2.7118698586953704,-0.3200006484985351,-0.32000064849853516
2016-03-11,11.550000190734863,11.59000015258789,11.100000381469728,11.40999984741211,11.40999984741211,1.1332908846788647,-0.6097534635492008,-0.0699996948242187,-0.06999969482421875
2016-03-14,11.34000015258789,11.8100004196167,11.279999732971191,11.479999542236328,11.479999542236328,1.0150903185928386,0.613494266085346,0.0699996948242187,0.06999969482421875
2016-03-15,11.4399995803833,11.520000457763672,11.199999809265137,11.239999771118164,11.239999771118164,0.0898651978504978,-2.090590424112604,-0.239999771118164,-0.23999977111816406
2016-03-16,11.239999771118164,11.25,10.859999656677246,11.06999969482422,11.06999969482422,0.4492455159027788,-1.5124562255843466,-0.1700000762939435,-0.17000007629394354
2016-03-17,11.0600004196167,11.449999809265137,10.920000076293944,11.329999923706056,11.329999923706056,0.1377919434335357,2.348692285903131,0.2600002288818359,0.26000022888183594
2016-03-18,11.460000038146973,12.260000228881836,11.420000076293944,12.239999771118164,12.239999771118164,1.3099592694233766,8.03177275851601,0.9099998474121076,0.9099998474121076
2016-03-21,12.25,12.300000190734863,11.93000030517578,12.020000457763672,12.020000457763672,-0.0085181508536854,-1.7973800446762112,-0.2199993133544922,-0.2199993133544922
2016-03-23,14.31999969482422,14.800000190734863,12.529999732971191,12.539999961853027,12.539999961853027,6.690122967132143,4.326118837653525,0.5199995040893555,0.5199995040893555
2016-03-24,12.56999969482422,13.229999542236328,12.300000190734863,13.149999618530272,13.149999618530272,1.7556358390533269,4.86443108877892,0.6099996566772443,0.6099996566772443
2016-03-28,13.170000076293944,13.220000267028809,12.390000343322754,12.6899995803833,12.6899995803833,0.5390554585055976,-3.4980992508833464,-0.4600000381469709,-0.4600000381469709
2016-03-29,12.649999618530272,13.270000457763672,12.539999961853027,13.039999961853027,13.039999961853027,0.883818821893257,2.7580803234286133,0.3500003814697265,0.35000038146972656
2016-03-30,13.170000076293944,13.270000457763672,12.649999618530272,12.90999984741211,12.90999984741211,0.3722254086315039,-0.996933395868238,-0.1300001144409179,-0.13000011444091797
2016-03-31,12.960000038146973,13.289999961853027,12.859999656677246,13.119999885559082,13.119999885559082,0.1493168499960257,1.6266463255541377,0.2100000381469726,0.21000003814697266
2016-04-01,13.020000457763672,13.260000228881836,12.829999923706056,13.0600004196167,13.0600004196167,-0.0959387835594026,-0.4573130065986031,-0.0599994659423828,-0.05999946594238281
2016-04-04,13.010000228881836,13.489999771118164,12.8100004196167,12.81999969482422,12.81999969482422,0.3348397361239142,-1.8376777724446904,-0.2400007247924787,-0.2400007247924787
2016-04-05,13.449999809265137,15.0,13.420000076293944,14.199999809265137,14.199999809265137,5.334962612552521,10.76443172614161,1.3800001144409162,1.3800001144409162
2016-04-06,14.5,14.59000015258789,13.779999732971191,14.210000038146973,14.210000038146973,1.2821308365041937,0.0704241480011136,0.0100002288818359,0.010000228881835938
2016-04-07,14.15999984741211,14.25,13.649999618530272,13.720000267028809,13.720000267028809,0.3874045538601493,-3.4482742421024004,-0.489999771118164,-0.48999977111816406
2016-04-08,13.800000190734863,14.100000381469728,13.5600004196167,13.760000228881836,13.760000228881836,0.082697268159193,0.2915449057909525,0.0399999618530273,0.039999961853027344
2016-04-11,13.8100004196167,14.149999618530272,13.75,13.960000038146973,13.960000038146973,0.648260975567241,1.4534869617613966,0.1999998092651367,0.19999980926513672
2016-04-12,13.949999809265137,14.460000038146973,13.84000015258789,14.220000267028809,14.220000267028809,0.2523382708534062,1.862465817846437,0.2600002288818359,0.26000022888183594
2016-04-13,14.31999969482422,15.350000381469728,14.31999969482422,15.239999771118164,15.239999771118164,1.117830644168207,7.172992158476799,1.0199995040893557,1.0199995040893555
2016-04-14,15.210000038146973,15.380000114440918,14.850000381469728,15.1899995803833,15.1899995803833,0.5921824668058565,-0.3280852459697558,-0.0500001907348632,-0.05000019073486328
2016-04-15,15.109999656677246,15.56999969482422,14.949999809265137,15.130000114440918,15.130000114440918,0.5206437175338147,-0.3949932034222558,-0.0599994659423828,-0.05999946594238281
2016-04-18,15.06999969482422,15.31999969482422,14.84000015258789,15.25,15.25,0.4922530940506075,0.793125476876555,0.119999885559082,0.11999988555908203
2016-04-19,15.279999732971191,15.640000343322754,14.789999961853027,14.989999771118164,14.989999771118164,0.4870528313333864,-1.7049195336513834,-0.2600002288818359,-0.26000022888183594
2016-04-20,15.020000457763672,15.390000343322754,14.890000343322754,15.15999984741211,15.15999984741211,0.3404616417641533,1.1340899192106235,0.1700000762939453,0.1700000762939453
2016-04-21,15.289999961853027,15.350000381469728,14.789999961853027,14.81999969482422,14.81999969482422,0.1363864670234759,-2.2427450924145558,-0.3400001525878888,-0.34000015258788885
2016-04-22,14.850000381469728,15.619999885559082,14.850000381469728,15.039999961853027,15.039999961853027,0.8551471031280379,1.4844822642313682,0.2200002670288068,0.22000026702880682
2016-04-25,15.029999732971191,15.06999969482422,14.630000114440918,14.869999885559082,14.869999885559082,0.2087685021415536,-1.1303196590766509,-0.1700000762939453,-0.1700000762939453
2016-04-26,14.869999885559082,15.75,14.869999885559082,15.739999771118164,15.739999771118164,1.3410202980856971,5.850705395122269,0.869999885559082,0.869999885559082
2016-04-27,15.779999732971191,16.219999313354492,15.5,16.020000457763672,16.020000457763672,0.3788311477587848,1.7789116309854691,0.2800006866455078,0.2800006866455078
2016-04-28,16.049999237060547,16.25,15.239999771118164,15.279999732971191,15.279999732971191,0.9186746368627392,-4.619230359845949,-0.7400007247924805,-0.7400007247924805
2016-04-29,15.359999656677246,15.420000076293944,14.380000114440918,14.90999984741211,14.90999984741211,0.8710289865617131,-2.421465261944322,-0.369999885559082,-0.36999988555908203
2016-05-02,14.949999809265137,15.220000267028809,14.520000457763672,14.710000038146973,14.710000038146973,0.0942221747216831,-1.3413803575581529,-0.1999998092651367,-0.19999980926513672
2016-05-03,14.449999809265137,14.510000228881836,13.970000267028809,14.079999923706056,14.079999923706056,0.0551499305220217,-4.282801582645524,-0.6300001144409162,-0.6300001144409162
2016-05-04,14.029999732971191,14.399999618530272,13.789999961853027,13.90999984741211,13.90999984741211,-0.4720442708913947,-1.2073869120391325,-0.1700000762939471,-0.1700000762939471
2016-05-05,13.899999618530272,14.0600004196167,13.34000015258789,13.359999656677246,13.359999656677246,-0.0203241526981874,-3.953991349879049,-0.5500001907348633,-0.5500001907348633
2016-05-06,13.229999542236328,13.529999732971191,13.109999656677246,13.529999732971191,13.529999732971191,-0.2191990647216436,1.2724556935821418,0.1700000762939453,0.1700000762939453
2016-05-09,13.260000228881836,13.600000381469728,12.640000343322754,13.449999809265137,13.449999809265137,1.8343425180166733,-0.5912780878413737,-0.0799999237060546,-0.07999992370605469
2016-05-11,12.229999542236328,12.260000228881836,11.4399995803833,11.510000228881836,11.510000228881836,2.5226043160229383,-14.423788906278768,-1.9399995803833008,-1.9399995803833008
2016-05-12,11.600000381469728,11.970000267028809,11.529999732971191,11.579999923706056,11.579999923706056,1.5692696670794024,0.6081641479777966,0.0699996948242205,0.06999969482422053
2016-05-13,11.539999961853027,11.789999961853027,11.289999961853027,11.34000015258789,11.34000015258789,0.6474176897212052,-2.072536897231314,-0.2399997711181658,-0.23999977111816584
2016-05-16,11.460000038146973,11.649999618530272,11.300000190734863,11.40999984741211,11.40999984741211,1.0476973713062252,0.6172812511668679,0.0699996948242187,0.06999969482421875
2016-05-17,11.399999618530272,12.050000190734863,11.399999618530272,11.59000015258789,11.59000015258789,0.9435515693207968,1.5775662364851506,0.1800003051757812,0.18000030517578125
2016-05-18,11.5600004196167,11.640000343322754,11.279999732971191,11.350000381469728,11.350000381469728,0.0967520322597906,-2.0707486450254557,-0.2399997711181623,-0.2399997711181623
2016-05-19,11.329999923706056,11.600000381469728,11.210000038146973,11.460000038146973,11.460000038146973,0.0205752108345516,0.969159938151476,0.1099996566772443,0.10999965667724432
2016-05-20,11.5,12.149999618530272,11.470000267028809,12.020000457763672,12.020000457763672,0.4706087573356872,4.886565599935633,0.5600004196166992,0.5600004196166992
2016-05-23,12.0,12.100000381469728,11.84000015258789,11.899999618530272,11.899999618530272,0.0677992182125596,-0.9983430504438284,-0.1200008392334002,-0.12000083923340021
2016-05-24,11.600000381469728,12.100000381469728,11.600000381469728,12.010000228881836,12.010000228881836,0.0655504559564639,0.9243749065359186,0.1100006103515642,0.11000061035156428
2016-05-25,11.93000030517578,12.670000076293944,11.93000030517578,12.529999732971191,12.529999732971191,0.395275221756484,4.329721017313992,0.5199995040893555,0.5199995040893555
2016-05-26,12.579999923706056,12.949999809265137,12.5,12.529999732971191,12.529999732971191,0.0048338750418822,0.0,0.0,0.0
2016-05-27,12.510000228881836,12.920000076293944,12.510000228881836,12.800000190734863,12.800000190734863,-0.2301617807201098,2.154832111074967,0.2700004577636719,0.2700004577636719
2016-05-31,12.90999984741211,13.220000267028809,12.760000228881836,13.100000381469728,13.100000381469728,0.0321001173970416,2.343751455191523,0.300000190734865,0.30000019073486506
2016-06-01,13.0,13.229999542236328,12.899999618530272,13.010000228881836,13.010000228881836,-0.0662832313071416,-0.6870240455504106,-0.0900001525878924,-0.0900001525878924
2016-06-02,12.979999542236328,13.489999771118164,12.949999809265137,13.449999809265137,13.449999809265137,0.1439760396377986,3.3820105506725096,0.4399995803833008,0.4399995803833008
2016-06-03,13.449999809265137,13.520000457763672,13.050000190734863,13.390000343322754,13.390000343322754,-0.1801268205219822,-0.4460926899125472,-0.0599994659423828,-0.05999946594238281
2016-06-06,13.300000190734863,14.09000015258789,13.270000457763672,14.079999923706056,14.079999923706056,-0.0217296291082471,5.153096061923468,0.6899995803833026,0.6899995803833026
2016-06-07,14.0,14.59000015258789,14.0,14.289999961853027,14.289999961853027,0.4998426666649302,1.4914775517391954,0.2100000381469708,0.21000003814697088
2016-06-08,14.329999923706056,14.5600004196167,14.3100004196167,14.470000267028809,14.470000267028809,-0.2990301248130381,1.2596242523183363,0.1800003051757812,0.18000030517578125
2016-06-09,14.270000457763672,14.449999809265137,14.09000015258789,14.329999923706056,14.329999923706056,-0.1469575772445719,-0.9675213596350484,-0.1400003433227521,-0.14000034332275213
2016-06-10,14.09000015258789,14.260000228881836,13.380000114440918,13.5,13.5,0.2728582264402788,-5.792044159979315,-0.8299999237060565,-0.8299999237060565
2016-06-13,13.449999809265137,13.600000381469728,13.119999885559082,13.350000381469728,13.350000381469728,0.4869122836923804,-1.1111082854094234,-0.1499996185302716,-0.14999961853027166
2016-06-14,13.289999961853027,13.460000038146973,12.899999618530272,13.15999984741211,13.15999984741211,-0.1792835346759464,-1.4232249335464189,-0.1900005340576189,-0.19000053405761896
2016-06-15,13.25,13.670000076293944,13.130000114440918,13.140000343322754,13.140000343322754,0.1637932570196413,-0.1519719173346922,-0.0199995040893554,-0.01999950408935547
2016-06-16,13.0,13.34000015258789,12.670000076293944,13.229999542236328,13.229999542236328,-0.1650882229343428,0.6849253924053889,0.0899991989135742,0.08999919891357422
2016-06-20,16.0,16.25,15.34000015258789,15.93000030517578,15.93000030517578,1.9181089120562351,20.40816973817565,2.700000762939452,2.7000007629394513
2016-06-21,16.0,16.100000381469727,15.199999809265137,15.449999809265137,15.449999809265137,1.190634322209303,-3.013185729536283,-0.4800004959106427,-0.48000049591064275
2016-06-22,15.579999923706056,15.760000228881836,15.260000228881836,15.420000076293944,15.420000076293944,0.06498826539244,-0.1941730313368861,-0.0299997329711931,-0.029999732971193183
2016-06-23,15.4399995803833,15.859999656677246,15.420000076293944,15.779999732971191,15.779999732971191,0.1429922061507568,2.3346281121664703,0.3599996566772478,0.35999965667724787
2016-06-24,15.09000015258789,15.8100004196167,15.0,15.710000038146973,15.710000038146973,0.6447472845420916,-0.4435975665953884,-0.0699996948242187,-0.06999969482421875
2016-06-27,15.359999656677246,15.5,14.130000114440918,14.289999961853027,14.289999961853027,1.5103802054978983,-9.03882923517445,-1.420000076293945,-1.4200000762939453
2016-06-28,14.529999732971191,14.9399995803833,14.470000267028809,14.6899995803833,14.6899995803833,0.253884294904472,2.799157589909496,0.3999996185302734,0.39999961853027344
2016-06-29,14.890000343322754,15.40999984741211,14.770000457763672,15.31999969482422,15.31999969482422,0.0697668851866432,4.288632623803523,0.6300001144409197,0.6300001144409197
2016-06-30,15.270000457763672,15.43000030517578,14.899999618530272,15.420000076293944,15.420000076293944,1.0032843167483367,0.6527440173742738,0.100000381469723,0.10000038146972301
2016-07-01,15.510000228881836,16.1299991607666,15.460000038146973,15.880000114440918,15.880000114440918,0.3147414234600597,2.9831390134307467,0.4600000381469744,0.46000003814697443
2016-07-05,15.720000267028809,15.84000015258789,15.020000457763672,15.489999771118164,15.489999771118164,-0.0244000342873607,-2.4559215397492062,-0.3900003433227539,-0.3900003433227539
2016-07-06,15.220000267028809,15.890000343322754,15.149999618530272,15.8100004196167,15.8100004196167,-0.264314857484562,2.0658531518844336,0.3200006484985351,0.32000064849853516
2016-07-07,15.9399995803833,16.559999465942383,15.920000076293944,16.360000610351562,16.360000610351562,0.1445382302018225,3.4788119932775974,0.5500001907348633,0.5500001907348633
2016-07-08,16.5,17.15999984741211,16.5,16.850000381469727,16.850000381469727,0.2970324206933066,2.995108513676481,0.489999771118164,0.48999977111816406
2016-07-11,16.959999084472656,17.579999923706055,16.93000030517578,17.469999313354492,17.469999313354492,0.4492455159027788,3.6795188002879176,0.6199989318847656,0.6199989318847656
2016-07-12,17.75,17.989999771118164,17.520000457763672,17.549999237060547,17.549999237060547,1.09014275889003,0.4579274576439252,0.0799999237060546,0.07999992370605469
2016-07-13,17.6200008392334,17.8799991607666,16.780000686645508,17.049999237060547,17.049999237060547,0.2166391700378883,-2.849002972855652,-0.5,-0.5
2016-07-14,17.15999984741211,17.3700008392334,16.790000915527344,16.850000381469727,16.850000381469727,-0.0794947095617033,-1.173013868271,-0.1999988555908203,-0.1999988555908203
2016-07-15,16.93000030517578,17.1299991607666,16.690000534057617,16.75,16.75,-0.3063386021453488,-0.5934740605685662,-0.1000003814697265,-0.10000038146972656
2016-07-18,16.790000915527344,17.549999237060547,16.719999313354492,17.31999969482422,17.31999969482422,0.0373003801142627,3.4029832526819126,0.5699996948242188,0.5699996948242188
2016-07-19,17.239999771118164,17.420000076293945,16.969999313354492,17.100000381469727,17.100000381469727,-0.4727470090964246,-1.2702039101088136,-0.2199993133544922,-0.2199993133544922
2016-07-20,17.110000610351562,17.290000915527344,16.719999313354492,17.170000076293945,17.170000076293945,-0.2886295993785958,0.4093549313605393,0.0699996948242187,0.06999969482421875
2016-07-21,16.979999542236328,17.450000762939453,16.93000030517578,17.31999969482422,17.31999969482422,-0.2322699953351994,0.8736145478378532,0.1499996185302734,0.14999961853027344
2016-07-22,17.280000686645508,17.479999542236328,17.010000228881836,17.31999969482422,17.31999969482422,-0.1040905467377492,0.0,0.0,0.0
2016-07-25,17.100000381469727,17.100000381469727,16.450000762939453,16.899999618530273,16.899999618530273,0.6469960467981872,-2.424942746502789,-0.4200000762939453,-0.4200000762939453
2016-07-26,16.860000610351562,17.440000534057617,16.850000381469727,16.979999542236328,16.979999542236328,0.6538828812074801,0.4733723403066658,0.0799999237060546,0.07999992370605469
2016-07-27,15.770000457763672,16.329999923706055,14.850000381469728,15.100000381469728,15.100000381469728,4.795259671089573,-11.071844590397417,-1.8799991607666,-1.8799991607665998
2016-07-28,15.0600004196167,15.300000190734863,14.4399995803833,14.489999771118164,14.489999771118164,1.979106588252829,-4.03973903934558,-0.6100006103515643,-0.6100006103515643
2016-07-29,14.380000114440918,15.0600004196167,14.260000228881836,15.029999732971191,15.029999732971191,0.9331510438863546,3.726707870136536,0.5399999618530273,0.5399999618530273
2016-08-01,14.979999542236328,15.40999984741211,14.510000228881836,15.3100004196167,15.3100004196167,1.2590810233792131,1.862945386694004,0.2800006866455078,0.2800006866455078
2016-08-02,15.270000457763672,15.449999809265137,15.039999961853027,15.199999809265137,15.199999809265137,0.3171307333571612,-0.7184886174831151,-0.1100006103515625,-0.1100006103515625
2016-08-03,15.0600004196167,15.630000114440918,14.949999809265137,15.609999656677246,15.609999656677246,0.2021627630142727,2.69736745103244,0.4099998474121094,0.4099998474121094
2016-08-04,15.5,15.850000381469728,15.199999809265137,15.220000267028809,15.220000267028809,-0.0568665393597412,-2.498394607469534,-0.3899993896484375,-0.3899993896484375
2016-08-05,15.460000038146973,15.829999923706056,15.31999969482422,15.609999656677246,15.609999656677246,0.0791835771340436,2.5624138160713184,0.3899993896484375,0.3899993896484375
2016-08-08,15.670000076293944,16.190000534057617,15.670000076293944,15.970000267028809,15.970000267028809,0.1746154253771014,2.306217926132814,0.3600006103515625,0.3600006103515625
2016-08-09,15.90999984741211,16.079999923706055,15.729999542236328,15.850000381469728,15.850000381469728,-0.1506118159107273,-0.7514081625084823,-0.1199998855590802,-0.11999988555908025
2016-08-10,15.93000030517578,16.09000015258789,15.670000076293944,15.880000114440918,15.880000114440918,-0.3528598713183269,0.189272758669845,0.0299997329711896,0.02999973297118963
2016-08-11,16.0,16.350000381469727,15.93000030517578,16.229999542236328,16.229999542236328,-0.2980462913259962,2.204026607513243,0.3499994277954101,0.34999942779541016
2016-08-12,16.110000610351562,16.520000457763672,16.110000610351562,16.31999969482422,16.31999969482422,-0.2363458769243727,0.554529606446863,0.0900001525878906,0.09000015258789062
2016-08-15,16.34000015258789,16.559999465942383,16.31999969482422,16.40999984741211,16.40999984741211,-0.4191983578731477,0.5514715335223519,0.0900001525878906,0.09000015258789062
2016-08-16,16.459999084472656,16.489999771118164,16.1299991607666,16.280000686645508,16.280000686645508,-0.664594539069582,-0.7921947713308675,-0.1299991607666015,-0.12999916076660156
2016-08-17,17.649999618530273,17.84000015258789,16.389999389648438,16.84000015258789,16.84000015258789,3.7061560009342633,3.439800014269956,0.5599994659423828,0.5599994659423828
2016-08-18,16.780000686645508,17.079999923706055,16.579999923706055,16.809999465942383,16.809999465942383,0.0112990665281571,-0.1781513442617011,-0.0300006866455078,-0.030000686645507812
2016-08-19,16.719999313354492,16.729999542236328,16.270000457763672,16.350000381469727,16.350000381469727,-0.2095012774922313,-2.736461029666481,-0.4599990844726562,-0.45999908447265625
2016-08-22,16.329999923706055,16.389999389648438,16.1200008392334,16.260000228881836,16.260000228881836,-0.3475190609600999,-0.5504596360125569,-0.0900001525878906,-0.09000015258789062
2016-08-23,16.350000381469727,16.6200008392334,16.260000228881836,16.309999465942383,16.309999465942383,-0.1508929111927392,0.3074983785777307,0.0499992370605468,0.049999237060546875
2016-08-24,16.25,16.40999984741211,15.800000190734863,15.84000015258789,15.84000015258789,0.1706800914289341,-2.88166357292603,-0.4699993133544922,-0.4699993133544922
2016-08-25,15.75,16.329999923706055,15.75,16.190000534057617,16.190000534057617,-0.1171614773513049,2.2095983465792117,0.3500003814697265,0.35000038146972656
2016-08-26,16.219999313354492,16.3799991607666,15.800000190734863,15.970000267028809,15.970000267028809,-0.3094306502474803,-1.3588651005045471,-0.2200002670288086,-0.2200002670288086
2016-08-29,15.979999542236328,16.229999542236328,15.949999809265137,16.059999465942383,16.059999465942383,-0.6541940136351397,0.5635516431354404,0.0899991989135742,0.08999919891357422
2016-08-30,16.09000015258789,16.25,15.850000381469728,15.979999542236328,15.979999542236328,-0.5714114530826199,-0.4981315464904323,-0.0799999237060546,-0.07999992370605469
2016-08-31,15.949999809265137,16.200000762939453,15.670000076293944,15.760000228881836,15.760000228881836,-0.4769634383266039,-1.376716643658327,-0.2199993133544922,-0.2199993133544922
2016-09-01,15.75,15.779999732971191,15.350000381469728,15.600000381469728,15.600000381469728,-0.3385240119357174,-1.0152274434545472,-0.1599998474121076,-0.1599998474121076
2016-09-02,15.68000030517578,15.970000267028809,15.630000114440918,15.90999984741211,15.90999984741211,-0.5518753309827892,1.987176015140424,0.309999465942381,0.30999946594238104
2016-09-06,16.0,16.0,15.619999885559082,15.739999771118164,15.739999771118164,-0.6256628425109266,-1.0685108606182547,-0.1700000762939453,-0.1700000762939453
2016-09-07,15.699999809265137,16.09000015258789,15.649999618530272,16.06999969482422,16.06999969482422,-0.4177928814630879,2.0965687960909696,0.3299999237060547,0.3299999237060547
2016-09-08,15.890000343322754,16.309999465942383,15.880000114440918,16.09000015258789,16.09000015258789,-0.3185662469128688,0.1244583580801927,0.0200004577636718,0.020000457763671875
2016-09-09,15.989999771118164,16.079999923706055,15.579999923706056,15.670000076293944,15.670000076293944,-0.1846243450341735,-2.610317416475572,-0.4200000762939471,-0.4200000762939471
2016-09-12,15.68000030517578,16.06999969482422,15.489999771118164,16.010000228881836,16.010000228881836,-0.3844830905446715,2.1697520799776937,0.3400001525878924,0.3400001525878924
2016-09-13,15.829999923706056,16.020000457763672,15.380000114440918,15.529999732971191,15.529999732971191,-0.5025431089896916,-2.9981292257868275,-0.4800004959106445,-0.48000049591064453
2016-09-14,15.529999732971191,15.739999771118164,15.3100004196167,15.3100004196167,15.3100004196167,-0.3357130591155978,-1.4166086100273367,-0.2199993133544922,-0.2199993133544922
2016-09-15,15.300000190734863,15.789999961853027,15.260000228881836,15.779999732971191,15.779999732971191,-0.1730994384716835,3.0698843923758545,0.4699993133544922,0.4699993133544922
2016-09-16,15.670000076293944,15.869999885559082,15.529999732971191,15.68000030517578,15.68000030517578,-0.4780878194546517,-0.6337099460557716,-0.0999994277954119,-0.09999942779541193
2016-09-19,15.710000038146973,16.329999923706055,15.649999618530272,15.869999885559082,15.869999885559082,-0.2512439268710062,1.2117319941670202,0.1899995803833025,0.18999958038330256
2016-09-20,15.93000030517578,15.9399995803833,15.600000381469728,15.609999656677246,15.609999656677246,-0.6467449886618231,-1.638312733186742,-0.2600002288818359,-0.26000022888183594
2016-09-21,15.890000343322754,17.09000015258789,15.890000343322754,17.06999969482422,17.06999969482422,2.237011509498795,9.352979309787823,1.4600000381469729,1.4600000381469727
2016-09-22,17.139999389648438,18.299999237060547,17.139999389648438,18.229999542236328,18.229999542236328,2.6510648599024007,6.79554697217617,1.1599998474121094,1.1599998474121094
2016-09-23,18.290000915527344,18.690000534057617,17.68000030517578,17.969999313354492,17.969999313354492,0.8887379893284661,-1.4262218069696186,-0.2600002288818359,-0.26000022888183594
2016-09-26,17.959999084472656,18.07999992370605,17.770000457763672,17.790000915527344,17.790000915527344,-0.3125226983496118,-1.0016605715359228,-0.1799983978271484,-0.17999839782714844
2016-09-27,17.75,18.049999237060547,17.59000015258789,18.010000228881836,18.010000228881836,0.0350516178581671,1.236645879891296,0.2199993133544922,0.2199993133544922
2016-09-28,18.040000915527344,18.290000915527344,17.8700008392334,18.209999084472656,18.209999084472656,0.0410951664214241,1.1104878014942532,0.1999988555908203,0.1999988555908203
2016-09-29,18.200000762939453,20.09000015258789,18.200000762939453,19.06999969482422,19.06999969482422,1.8930914319571717,4.722683435414732,0.8600006103515625,0.8600006103515625
2016-09-30,19.270000457763672,19.81999969482422,19.209999084472656,19.670000076293945,19.670000076293945,0.3667440506322708,3.14630514458043,0.6000003814697266,0.6000003814697266
2016-10-03,19.670000076293945,19.81999969482422,19.32999992370605,19.530000686645508,19.530000686645508,-0.440561599306056,-0.7117406665247739,-0.1399993896484375,-0.1399993896484375
2016-10-04,19.549999237060547,20.100000381469727,18.89999961853028,18.93000030517578,18.93000030517578,0.583890155986504,-3.072198465819831,-0.6000003814697266,-0.6000003814697266
2016-10-05,19.059999465942383,19.75,19.0,19.450000762939453,19.450000762939453,-0.0142806041349304,2.7469648673037472,0.5200004577636719,0.5200004577636719
2016-10-06,19.46999931335449,19.709999084472656,19.11000061035156,19.6200008392334,19.6200008392334,-0.0468876568483169,0.8740363476893442,0.1700000762939453,0.1700000762939453
2016-10-07,19.700000762939453,20.09000015258789,19.3799991607666,19.479999542236328,19.479999542236328,-0.2158259213375002,-0.713564174355763,-0.1400012969970703,-0.1400012969970703
2016-10-10,19.6299991607666,19.799999237060547,19.299999237060547,19.440000534057617,19.440000534057617,-0.5636813328272912,-0.2053337223750229,-0.0399990081787109,-0.03999900817871094
2016-10-11,19.39999961853028,19.43000030517578,18.690000534057617,18.82999992370605,18.82999992370605,-0.1456926484755181,-3.137863135769392,-0.610000610351566,-0.610000610351566
2016-10-12,18.920000076293945,19.440000534057617,18.799999237060547,19.11000061035156,19.11000061035156,-0.5305120895498808,1.48699250015929,0.2800006866455078,0.2800006866455078
2016-10-13,18.82999992370605,18.950000762939453,18.559999465942383,18.75,18.75,-0.3756285891612951,-1.8838335889772464,-0.3600006103515589,-0.36000061035155895
2016-10-14,18.89999961853028,19.020000457763672,18.6299991607666,18.63999938964844,18.63999938964844,-0.4709198897633469,-0.5866699218749827,-0.1100006103515589,-0.11000061035155895
2016-10-17,18.65999984741211,19.01000022888184,18.559999465942383,18.739999771118164,18.739999771118164,0.0479820008307169,0.5364827507733594,0.100000381469723,0.10000038146972301
2016-10-18,18.979999542236328,19.350000381469727,18.600000381469727,18.96999931335449,18.96999931335449,-0.0749971850495121,1.2273188102744692,0.2299995422363245,0.22999954223632457
2016-10-19,19.1299991607666,19.309999465942383,18.920000076293945,19.049999237060547,19.049999237060547,-0.0453416327972511,0.4217181159819061,0.0799999237060582,0.07999992370605824
2016-10-20,18.979999542236328,19.3799991607666,18.86000061035156,19.100000381469727,19.100000381469727,-0.2679690961507173,0.2624732095101834,0.0500011444091796,0.05000114440917969
2016-10-21,18.89999961853028,19.38999938964844,18.770000457763672,19.21999931335449,19.21999931335449,-0.2973435531209664,0.6282666465346365,0.119998931884762,0.11999893188476207
2016-10-24,19.46999931335449,19.530000686645508,18.799999237060547,19.030000686645508,19.030000686645508,-0.2057064911850699,-0.9885464802122268,-0.1899986267089808,-0.18999862670898082
2016-10-25,19.020000457763672,19.030000686645508,18.350000381469727,18.479999542236328,18.479999542236328,-0.3948836159791138,-2.8901793198312875,-0.5500011444091797,-0.5500011444091797
2016-10-26,18.46999931335449,18.950000762939453,18.25,18.3700008392334,18.3700008392334,-0.3158958417337552,-0.5952310916000125,-0.1099987030029296,-0.10999870300292969
2016-10-27,18.440000534057617,18.68000030517578,17.950000762939453,18.07999992370605,18.07999992370605,-0.2631904763565141,-1.5786657717945407,-0.2900009155273473,-0.2900009155273473
2016-10-28,18.100000381469727,18.799999237060547,18.030000686645508,18.479999542236328,18.479999542236328,0.0332244985250894,2.2123872799678868,0.399999618530277,0.399999618530277
2016-11-01,15.34000015258789,15.649999618530272,14.800000190734863,15.18000030517578,15.18000030517578,1.7642092451546914,-17.857139171017554,-3.2999992370605487,-3.2999992370605487
2016-11-02,15.220000267028809,15.25,14.789999961853027,14.989999771118164,14.989999771118164,0.1703989961469221,-1.251650396823989,-0.1900005340576154,-0.1900005340576154
2016-11-03,15.06999969482422,15.199999809265137,14.699999809265137,15.020000457763672,15.020000457763672,0.0373003801142627,0.2001380060279389,0.0300006866455078,0.030000686645507812
2016-11-04,14.989999771118164,15.59000015258789,14.949999809265137,15.3100004196167,15.3100004196167,0.0630205984183564,1.93075867519783,0.2899999618530273,0.28999996185302734
2016-11-07,15.630000114440918,15.739999771118164,15.109999656677246,15.220000267028809,15.220000267028809,-0.0631911832050101,-0.5878520582701885,-0.0900001525878906,-0.09000015258789062
2016-11-08,15.15999984741211,15.239999771118164,14.359999656677246,14.779999732971191,14.779999732971191,0.5573266518363744,-2.8909364411168426,-0.4400005340576172,-0.4400005340576172
2016-11-09,14.279999732971191,15.15999984741211,14.020000457763672,15.100000381469728,15.100000381469728,0.4424992291344919,2.1650923834909186,0.3200006484985369,0.32000064849853693
2016-11-10,15.100000381469728,15.56999969482422,15.09000015258789,15.270000457763672,15.270000457763672,0.082837815800199,1.1258282913857665,0.1700000762939435,0.17000007629394354
2016-11-11,15.279999732971191,16.510000228881836,15.279999732971191,16.469999313354492,16.469999313354492,0.177285830556215,7.858538438882023,1.1999988555908203,1.1999988555908203
2016-11-14,16.81999969482422,17.1200008392334,16.610000610351562,16.829999923706055,16.829999923706055,-0.0251027724923906,2.1857961466923648,0.3600006103515625,0.3600006103515625
2016-11-15,16.809999465942383,17.170000076293945,16.520000457763672,16.6299991607666,16.6299991607666,-0.2979057436849903,-1.1883586681289304,-0.2000007629394531,-0.20000076293945312
2016-11-16,16.600000381469727,16.670000076293945,16.25,16.559999465942383,16.559999465942383,-0.411468237617819,-0.4209242234320842,-0.0699996948242187,-0.06999969482421875
2016-11-17,16.559999465942383,16.989999771118164,16.43000030517578,16.760000228881836,16.760000228881836,-0.5087272051939545,1.2077341146705889,0.2000007629394531,0.20000076293945312
2016-11-18,16.829999923706055,16.989999771118164,16.700000762939453,16.899999618530273,16.899999618530273,-0.5119598009370919,0.8353185425808096,0.1399993896484375,0.1399993896484375
2016-11-21,17.100000381469727,17.200000762939453,16.559999465942383,17.020000457763672,17.020000457763672,-0.1902462506744125,0.7100641535034313,0.1200008392333984,0.12000083923339844
2016-11-22,17.18000030517578,18.56999969482422,17.18000030517578,18.270000457763672,18.270000457763672,0.613405160597759,7.344300625032085,1.25,1.25
2016-11-23,18.059999465942383,18.239999771118164,17.65999984741211,17.969999313354492,17.969999313354492,-0.3764718750073309,-1.642042347523298,-0.3000011444091797,-0.3000011444091797
2016-11-25,18.010000228881836,18.270000457763672,17.899999618530273,18.0,18.0,-0.7590425538255979,0.1669487356252386,0.0300006866455078,0.030000686645507812
2016-11-28,18.010000228881836,18.15999984741211,17.3799991607666,17.40999984741211,17.40999984741211,-0.5078839193479187,-3.277778625488281,-0.5900001525878906,-0.5900001525878906
2016-11-29,17.399999618530273,18.09000015258789,17.399999618530273,17.899999618530273,17.899999618530273,0.4604893271832569,2.8144731499868403,0.489999771118164,0.48999977111816406
2016-11-30,18.0,18.200000762939453,17.579999923706055,17.649999618530273,17.649999618530273,0.0489658343177588,-1.3966480744569298,-0.25,-0.25
2016-12-01,17.649999618530273,17.84000015258789,16.889999389648438,17.149999618530273,17.149999618530273,-0.0251027724923906,-2.832861251028373,-0.5,-0.5
2016-12-02,17.209999084472656,17.600000381469727,17.200000762939453,17.389999389648438,17.389999389648438,-0.4315665502816735,1.3994156061604146,0.239999771118164,0.23999977111816406
2016-12-05,17.5,17.729999542236328,17.399999618530273,17.600000381469727,17.600000381469727,-0.2093607298512253,1.2075963150768976,0.210000991821289,0.21000099182128906
2016-12-06,17.670000076293945,17.950000762939453,17.459999084472656,17.770000457763672,17.770000457763672,0.0069420896569719,0.9659095034618924,0.1700000762939453,0.1700000762939453
2016-12-07,17.790000915527344,18.09000015258789,17.770000457763672,17.969999313354492,17.969999313354492,-0.0554610629496814,1.12548593381403,0.1999988555908203,0.1999988555908203
2016-12-08,18.0,18.3700008392334,17.959999084472656,18.200000762939453,18.200000762939453,0.6769326943324602,1.2799190783164605,0.2300014495849609,0.23000144958496094
2016-12-09,18.190000534057617,18.270000457763672,17.729999542236328,18.0,18.0,0.0108774236051392,-1.0989052448102776,-0.2000007629394531,-0.20000076293945312
2016-12-12,17.860000610351562,17.950000762939453,17.5,17.510000228881836,17.510000228881836,-0.0998741175075699,-2.722220950656462,-0.489999771118164,-0.48999977111816406
2016-12-13,17.579999923706055,17.81999969482422,17.190000534057617,17.399999618530273,17.399999618530273,-0.2749964782010162,-0.6282159275482035,-0.1100006103515625,-0.1100006103515625
2016-12-14,17.3799991607666,17.389999389648438,16.790000915527344,16.899999618530273,16.899999618530273,-0.1192696919663946,-2.873563281389502,-0.5,-0.5
2016-12-15,16.940000534057617,17.350000381469727,16.59000015258789,16.649999618530273,16.649999618530273,-0.2567252848702392,-1.479289974219189,-0.25,-0.25
2016-12-16,16.700000762939453,16.850000381469727,16.459999084472656,16.510000228881836,16.510000228881836,0.1992112625531472,-0.8408371943301907,-0.1399993896484375,-0.1399993896484375
2016-12-19,16.520000457763672,17.0,16.510000228881836,16.790000915527344,16.790000915527344,-0.264174309843556,1.6959459888782336,0.2800006866455078,0.2800006866455078
2016-12-20,16.81999969482422,17.170000076293945,16.729999542236328,16.93000030517578,16.93000030517578,-0.1825161304190838,0.8338259798364112,0.1399993896484375,0.1399993896484375
2016-12-21,16.93000030517578,17.239999771118164,16.610000610351562,17.030000686645508,17.030000686645508,0.0222617825266233,0.5906696967935332,0.1000003814697265,0.10000038146972656
2016-12-22,17.049999237060547,17.34000015258789,16.389999389648438,16.440000534057617,16.440000534057617,0.0155154957583364,-3.464475213148721,-0.5900001525878906,-0.5900001525878906
2016-12-23,16.559999465942383,16.690000534057617,16.34000015258789,16.5,16.5,-0.6087971255902095,0.3649602432681531,0.0599994659423828,0.05999946594238281
2016-12-27,16.5,16.68000030517578,16.219999313354492,16.530000686645508,16.530000686645508,-0.29931122009505,0.1818223433061039,0.0300006866455078,0.030000686645507812
2016-12-28,16.530000686645508,16.56999969482422,16.020000457763672,16.1200008392334,16.1200008392334,-0.1837810591881376,-2.4803377518510694,-0.4099998474121094,-0.4099998474121094
2016-12-29,16.15999984741211,16.450000762939453,15.859999656677246,16.030000686645508,16.030000686645508,-0.1802673681629882,-0.5583135725951371,-0.0900001525878906,-0.09000015258789062
2016-12-30,16.0,16.100000381469727,15.630000114440918,15.739999771118164,15.739999771118164,-0.0437956087461854,-1.8091135564887504,-0.2900009155273437,-0.29000091552734375
2017-01-03,15.90999984741211,16.030000686645508,15.420000076293944,15.529999732971191,15.529999732971191,-0.1574986503200201,-1.3341806937780754,-0.2100000381469726,-0.21000003814697266
2017-01-04,15.619999885559082,15.949999809265137,15.56999969482422,15.90999984741211,15.90999984741211,-0.3454108463450102,2.446877791209179,0.3800001144409179,0.38000011444091797
2017-01-05,15.75,15.93000030517578,15.479999542236328,15.760000228881836,15.760000228881836,-0.4047219508495321,-0.94280087975408,-0.1499996185302734,-0.14999961853027344
2017-01-06,15.760000228881836,15.859999656677246,15.489999771118164,15.649999618530272,15.649999618530272,-0.5768928110818529,-0.6979734057996789,-0.1100006103515642,-0.11000061035156428
2017-01-09,15.619999885559082,15.699999809265137,15.279999732971191,15.350000381469728,15.350000381469728,-0.5265767556017135,-1.9169280790609864,-0.2999992370605433,-0.2999992370605433
2017-01-10,15.350000381469728,15.619999885559082,15.34000015258789,15.460000038146973,15.460000038146973,-0.5798443115429784,0.7166101234110434,0.1099996566772443,0.10999965667724432
2017-01-11,15.420000076293944,15.460000038146973,15.149999618530272,15.329999923706056,15.329999923706056,-0.4987483226825301,-0.8408804276852866,-0.1300001144409162,-0.1300001144409162
2017-01-12,15.31999969482422,15.489999771118164,14.989999771118164,15.470000267028809,15.470000267028809,-0.4592544355598509,0.91324425322572,0.1400003433227521,0.14000034332275213
2017-01-13,15.529999732971191,16.0,15.529999732971191,15.720000267028809,15.720000267028809,-0.3425998935248907,1.6160309999013078,0.25,0.25
2017-01-17,15.729999542236328,15.979999542236328,15.4399995803833,15.5600004196167,15.5600004196167,-0.5416153531893529,-1.017810716884615,-0.1599998474121093,-0.15999984741210938
2017-01-18,15.5600004196167,15.630000114440918,15.25,15.56999969482422,15.56999969482422,-0.4513837676635162,0.0642626924027167,0.0099992752075213,0.009999275207521308
2017-01-19,15.56999969482422,15.699999809265137,15.130000114440918,15.18000030517578,15.18000030517578,-0.558762165392082,-2.504813084730406,-0.389999389648441,-0.38999938964844105
2017-01-20,15.170000076293944,15.31999969482422,15.0,15.289999961853027,15.289999961853027,-0.3976945687992333,0.7246354049132764,0.1099996566772478,0.10999965667724787
2017-01-23,15.329999923706056,15.520000457763672,15.140000343322754,15.390000343322754,15.390000343322754,-0.5598865465201298,0.6540247332846194,0.1000003814697265,0.10000038146972656
2017-01-24,15.4399995803833,15.829999923706056,15.399999618530272,15.800000190734863,15.800000190734863,-0.4383128370499604,2.6640665254435536,0.4099998474121094,0.4099998474121094
2017-01-25,15.899999618530272,16.170000076293945,15.65999984741211,15.720000267028809,15.720000267028809,-0.364384777880817,-0.5063286249386678,-0.0799999237060546,-0.07999992370605469
2017-01-26,15.710000038146973,15.880000114440918,15.479999542236328,15.649999618530272,15.649999618530272,-0.5562323078539744,-0.445296738609835,-0.0700006484985369,-0.07000064849853693
2017-01-27,15.609999656677246,15.609999656677246,15.380000114440918,15.56999969482422,15.56999969482422,-0.6284737953310462,-0.5111816335850117,-0.0799999237060511,-0.07999992370605113
2017-01-30,15.520000457763672,15.720000267028809,15.260000228881836,15.5600004196167,15.5600004196167,-0.5039485853997513,-0.0642214219878534,-0.0099992752075213,-0.009999275207521308
2017-01-31,15.5,15.710000038146973,15.350000381469728,15.65999984741211,15.65999984741211,-0.5513131404187652,0.6426698271122078,0.0999994277954101,0.09999942779541016
2017-02-01,15.640000343322754,15.729999542236328,15.529999732971191,15.579999923706056,15.579999923706056,-0.6013481006168927,-0.5108552010571921,-0.0799999237060529,-0.07999992370605291
2017-02-02,15.640000343322754,15.6899995803833,15.40999984741211,15.420000076293944,15.420000076293944,-0.6654378249156179,-1.0269566636432526,-0.1599998474121129,-0.15999984741211293
2017-02-03,15.479999542236328,15.800000190734863,15.380000114440918,15.789999961853027,15.789999961853027,-0.5888393605673609,2.399480439224555,0.3699998855590838,0.3699998855590838
2017-02-06,15.75,16.049999237060547,15.68000030517578,15.770000457763672,15.770000457763672,-0.2830076937383568,-0.1266593042284491,-0.0199995040893554,-0.01999950408935547
2017-02-07,15.739999771118164,15.960000038146973,15.600000381469728,15.65999984741211,15.65999984741211,-0.7805463428995123,-0.69753079999062,-0.1100006103515625,-0.1100006103515625
2017-02-08,15.619999885559082,15.859999656677246,15.470000267028809,15.729999542236328,15.729999542236328,-0.6087971255902095,0.4469967784564543,0.0699996948242187,0.06999969482421875
2017-02-09,15.729999542236328,16.200000762939453,15.699999809265137,16.09000015258789,16.09000015258789,-0.4848341062229385,2.2886244172158454,0.3600006103515625,0.3600006103515625
2017-02-10,16.18000030517578,16.3700008392334,16.049999237060547,16.290000915527344,16.290000915527344,-0.5709898101596019,1.2430128094640611,0.2000007629394531,0.20000076293945312
2017-02-13,16.40999984741211,16.43000030517578,16.010000228881836,16.030000686645508,16.030000686645508,-0.6300198193821119,-1.596072524673764,-0.2600002288818359,-0.26000022888183594
2017-02-14,15.899999618530272,16.100000381469727,15.800000190734863,15.9399995803833,15.9399995803833,-0.5024025613486856,-0.5614541634872516,-0.090001106262207,-0.09000110626220703
2017-02-15,15.899999618530272,16.020000457763672,15.739999771118164,15.890000343322754,15.890000343322754,-0.287364670609542,-0.3136715080098162,-0.0499992370605468,-0.049999237060546875
2017-02-16,15.90999984741211,15.970000267028809,15.399999618530272,15.65999984741211,15.65999984741211,0.0596474550342129,-1.4474543168106035,-0.2300004959106445,-0.23000049591064453
2017-02-17,15.640000343322754,15.699999809265137,15.25,15.359999656677246,15.359999656677246,0.2062386446034461,-1.9157100489016865,-0.3000001907348633,-0.3000001907348633
2017-02-22,18.190000534057617,18.350000381469727,17.719999313354492,18.190000534057617,18.190000534057617,2.6155063067278888,18.424485290597797,2.830000877380371,2.830000877380371
2017-02-23,18.229999542236328,18.350000381469727,17.860000610351562,17.90999984741211,17.90999984741211,0.9502978560890836,-1.5393110413672306,-0.2800006866455078,-0.2800006866455078
2017-02-24,17.799999237060547,17.899999618530273,17.34000015258789,17.389999389648438,17.389999389648438,0.7050422225336553,-2.903408499128546,-0.5200004577636719,-0.5200004577636719
2017-02-27,17.600000381469727,18.229999542236328,17.399999618530273,18.190000534057617,18.190000534057617,0.1044821525151193,4.60035176818574,0.8000011444091797,0.8000011444091797
2017-02-28,18.100000381469727,18.200000762939453,17.670000076293945,17.729999542236328,17.729999542236328,-0.0658615883841237,-2.5288673904105607,-0.460000991821289,-0.46000099182128906
2017-03-01,18.059999465942383,18.63999938964844,17.93000030517578,18.459999084472656,18.459999084472656,0.8267564796448307,4.117312809271811,0.7299995422363281,0.7299995422363281
2017-03-02,18.39999961853028,18.709999084472656,18.34000015258789,18.39999961853028,18.39999961853028,-0.1451304579114942,-0.3250242086569099,-0.0599994659423792,-0.05999946594237571
2017-03-03,18.39999961853028,18.549999237060547,17.940000534057617,18.190000534057617,18.190000534057617,-0.3850452811086955,-1.141299395795492,-0.2099990844726598,-0.20999908447266336
2017-03-06,18.0,18.450000762939453,17.75,18.0,18.0,0.5407420301976693,-1.0445328668455711,-0.1900005340576172,-0.1900005340576172
2017-03-07,17.969999313354492,18.010000228881836,17.729999542236328,17.84000015258789,17.84000015258789,-0.4685305798662453,-0.8888880411783817,-0.1599998474121093,-0.15999984741210938
2017-03-08,17.90999984741211,18.049999237060547,17.770000457763672,17.799999237060547,17.799999237060547,-0.3615738250606974,-0.224220376598716,-0.0400009155273437,-0.04000091552734375
2017-03-09,17.719999313354492,17.829999923706055,17.40999984741211,17.690000534057617,17.690000534057617,-0.2913000045577094,-0.6179702680767951,-0.1099987030029296,-0.10999870300292969
2017-03-10,17.860000610351562,17.899999618530273,17.579999923706055,17.84000015258789,17.84000015258789,-0.4419670757161158,0.847934505380521,0.1499996185302734,0.14999961853027344
2017-03-13,17.81999969482422,18.020000457763672,17.579999923706055,17.93000030517578,17.93000030517578,-0.4851152015049504,0.5044851559310892,0.0900001525878906,0.09000015258789062
2017-03-14,17.90999984741211,17.950000762939453,17.350000381469727,17.950000762939453,17.950000762939453,-0.2717638824578787,0.111547447982474,0.0200004577636718,0.020000457763671875
2017-03-15,18.0,18.57999992370605,17.93000030517578,18.51000022888184,18.51000022888184,0.1872647130676393,3.1197740509214533,0.5599994659423864,0.5599994659423864
2017-03-16,18.489999771118164,19.170000076293945,18.32999992370605,19.06999969482422,19.06999969482422,0.2967513254112947,3.0253887575246496,0.5599994659423793,0.5599994659423793
2017-03-17,19.14999961853028,19.36000061035156,18.920000076293945,19.290000915527344,19.290000915527344,0.5455206499918724,1.1536508873822182,0.220001220703125,0.220001220703125
2017-03-20,19.200000762939453,19.270000457763672,18.950000762939453,19.15999984741211,19.15999984741211,-0.3694444929570321,-0.6739298182748765,-0.1300010681152343,-0.13000106811523438
2017-03-21,19.229999542236328,19.25,18.530000686645508,18.68000030517578,18.68000030517578,-0.0411252035670719,-2.505216837468605,-0.4799995422363281,-0.4799995422363281
2017-03-22,18.600000381469727,18.93000030517578,18.38999938964844,18.6299991607666,18.6299991607666,-0.2360647816423608,-0.2676720749053007,-0.0500011444091796,-0.05000114440917969
2017-03-23,18.59000015258789,19.040000915527344,18.489999771118164,18.780000686645508,18.780000686645508,-0.4273501210514943,0.8051612057760948,0.1500015258789062,0.15000152587890625
2017-03-24,18.81999969482422,18.96999931335449,18.520000457763672,18.600000381469727,18.600000381469727,-0.5688815955445122,-0.9584680436342086,-0.1800003051757812,-0.18000030517578125
2017-03-27,18.34000015258789,18.600000381469727,18.26000022888184,18.57999992370605,18.57999992370605,-0.4540541728426298,-0.107529340610124,-0.0200004577636754,-0.020000457763675428
2017-03-28,18.56999969482422,18.690000534057617,18.3700008392334,18.6200008392334,18.6200008392334,-0.623695175536843,0.2152901813326169,0.0400009155273473,0.0400009155273473
2017-03-29,18.68000030517578,19.93000030517578,18.670000076293945,19.65999984741211,19.65999984741211,0.1942920951179381,5.585386473170151,1.039999008178711,1.039999008178711
2017-03-30,19.56999969482422,19.81999969482422,19.3799991607666,19.75,19.75,-0.3730987316231875,0.4577830787711789,0.0900001525878906,0.09000015258789062
2017-03-31,19.790000915527344,21.059999465942383,19.729999542236328,20.989999771118164,20.989999771118164,1.3411608457267032,6.278479853762864,1.239999771118164,1.239999771118164
2017-04-03,21.01000022888184,22.729999542236328,21.01000022888184,22.459999084472656,22.459999084472656,3.845438713171186,7.003331726459483,1.4699993133544922,1.4699993133544922
2017-04-04,22.43000030517578,23.76000022888184,22.059999465942383,23.190000534057617,23.190000534057617,3.0864814517389147,3.25022920454896,0.7300014495849609,0.7300014495849609
2017-04-05,23.190000534057617,23.64999961853028,22.32999992370605,22.600000381469727,22.600000381469727,1.6091851971250997,-2.544200685642062,-0.5900001525878906,-0.5900001525878906
2017-04-06,22.709999084472656,23.190000534057617,22.459999084472656,22.84000015258789,22.84000015258789,0.6374388072097809,1.0619458719785868,0.239999771118164,0.23999977111816406
2017-04-07,22.84000015258789,22.940000534057617,22.57999992370605,22.700000762939453,22.700000762939453,0.0200130202705277,-0.61295704340254,-0.1399993896484375,-0.1399993896484375
2017-04-10,22.670000076293945,23.1200008392334,21.82999992370605,22.21999931335449,22.21999931335449,0.9810777894693924,-2.114543759701659,-0.4800014495849645,-0.4800014495849645
2017-04-11,22.14999961853028,22.39999961853028,22.020000457763672,22.3700008392334,22.3700008392334,0.3404616417641533,0.6750743947537163,0.1500015258789098,0.1500015258789098
2017-04-12,22.190000534057617,22.280000686645508,21.729999542236328,21.959999084472656,21.959999084472656,0.1529710886621811,-1.8328195770188072,-0.4100017547607422,-0.4100017547607422
2017-04-13,21.8700008392334,21.979999542236328,21.100000381469727,21.559999465942383,21.559999465942383,0.4677978045155677,-1.821491963599864,-0.3999996185302734,-0.39999961853027344
2017-04-17,21.559999465942383,22.0,21.39999961853028,21.950000762939453,21.950000762939453,-0.1716939620616237,1.8089114408984308,0.3900012969970703,0.3900012969970703
2017-04-18,21.93000030517578,23.170000076293945,21.850000381469727,22.84000015258789,22.84000015258789,1.1219065257573806,4.054666782295158,0.8899993896484375,0.8899993896484375
2017-04-19,22.959999084472656,23.18000030517578,22.75,22.790000915527344,22.790000915527344,0.1510034216880974,-0.2189108438113596,-0.0499992370605468,-0.049999237060546875
2017-04-20,22.90999984741211,23.40999984741211,22.739999771118164,23.13999938964844,23.13999938964844,0.2260558619852887,1.535754541732537,0.3499984741210973,0.3499984741210973
2017-04-21,23.170000076293945,23.36000061035156,22.850000381469727,23.049999237060547,23.049999237060547,0.0458737862156273,-0.3889375754614566,-0.0900001525878941,-0.09000015258789418
2017-04-24,23.309999465942383,23.479999542236328,22.540000915527344,22.65999984741211,22.65999984741211,-0.0102047225457571,-1.691971377688306,-0.3899993896484375,-0.3899993896484375
2017-04-25,22.770000457763672,23.299999237060547,22.170000076293945,22.96999931335449,22.96999931335449,0.7566232067828486,1.3680470786842536,0.3099994659423792,0.30999946594237926
2017-04-26,22.950000762939453,24.84000015258789,22.82999992370605,24.25,24.25,1.9876799943541932,5.572489007003734,1.2800006866455114,1.2800006866455114
2017-04-27,24.049999237060547,24.57999992370605,23.82999992370605,24.36000061035156,24.36000061035156,0.5845928941915338,0.4536107643363207,0.1100006103515589,0.11000061035155895
2017-04-28,24.38999938964844,24.75,23.850000381469727,24.549999237060547,24.549999237060547,0.7179726055062052,0.7799615022515693,0.1899986267089879,0.18999862670898793
2017-05-01,24.59000015258789,24.89999961853028,24.049999237060547,24.40999984741211,24.40999984741211,1.0734175896103189,-0.5702622973490556,-0.1399993896484375,-0.1399993896484375
2017-05-03,21.209999084472656,21.940000534057617,20.81999969482422,21.21999931335449,21.21999931335449,2.3994845825017035,-13.068416853742082,-3.1900005340576207,-3.1900005340576207
2017-05-04,21.3799991607666,21.450000762939453,20.670000076293945,21.32999992370605,21.32999992370605,1.025209748745269,0.5183817809189861,0.1100006103515625,0.1100006103515625
2017-05-05,21.350000381469727,21.920000076293945,21.020000457763672,21.88999938964844,21.88999938964844,0.9335726868093726,2.625407725951323,0.5599994659423899,0.5599994659423899
2017-05-08,21.8799991607666,22.3700008392334,21.84000015258789,21.959999084472656,21.959999084472656,0.0287269740128982,0.3197793365737444,0.0699996948242152,0.0699996948242152
2017-05-09,21.940000534057617,22.1200008392334,21.520000457763672,21.690000534057617,21.690000534057617,0.0457332385746213,-1.2295016469556552,-0.269998550415039,-0.26999855041503906
2017-05-10,22.799999237060547,24.84000015258789,22.6299991607666,24.780000686645508,24.780000686645508,3.3769934256982674,14.246196756592866,3.09000015258789,3.0900001525878906
2017-05-11,24.600000381469727,25.3700008392334,23.82999992370605,25.309999465942383,25.309999465942383,2.0334985253221416,2.1388166449184176,0.529998779296875,0.529998779296875
2017-05-12,25.31999969482422,25.5,24.729999542236328,25.18000030517578,25.18000030517578,0.0506524060098305,-0.5136276709192811,-0.1299991607666015,-0.12999916076660156
2017-05-15,25.1299991607666,25.489999771118164,24.979999542236328,25.43000030517578,25.43000030517578,0.0401113329343823,0.992851457387034,0.25,0.25
2017-05-16,25.59000015258789,26.89999961853028,25.56999969482422,26.700000762939453,26.700000762939453,1.3241545811649802,4.99410319513518,1.270000457763672,1.2700004577636719
2017-05-17,26.700000762939453,26.700000762939453,25.440000534057617,25.559999465942383,25.559999465942383,0.7622451124230877,-4.269667657011578,-1.1400012969970703,-1.1400012969970703
2017-05-18,25.309999465942383,26.43000030517578,25.1200008392334,26.209999084472656,26.209999084472656,0.3859990774500895,2.543034554427015,0.6499996185302734,0.6499996185302734
2017-05-19,27.63999938964844,29.770000457763672,27.299999237060547,29.1299991607666,29.1299991607666,4.514023841436615,11.140786639797383,2.9200000762939453,2.9200000762939453
2017-05-22,29.6200008392334,30.64999961853028,29.309999465942383,30.13999938964844,30.13999938964844,2.105740012799213,3.4672168142117377,1.0100002288818395,1.0100002288818395
2017-05-23,30.34000015258789,30.5,29.71999931335449,29.979999542236328,29.979999542236328,0.4980155473318525,-0.5308555097949474,-0.1599998474121129,-0.15999984741211293
2017-05-24,29.950000762939453,30.0,29.520000457763672,29.850000381469727,29.850000381469727,0.1138988444625197,-0.4336196222533561,-0.1299991607666015,-0.12999916076660156
2017-05-25,30.18000030517578,30.5,29.6200008392334,29.8799991607666,29.8799991607666,0.45374304041497,0.1004984218207827,0.029998779296875,0.029998779296875
2017-05-26,29.93000030517578,29.989999771118164,29.3799991607666,29.89999961853028,29.89999961853028,-0.0072532220846316,0.0669359381707535,0.0200004577636754,0.02000045776367898
2017-05-30,29.799999237060547,29.96999931335449,29.229999542236328,29.520000457763672,29.520000457763672,-0.1173020249923109,-1.2709002194471686,-0.3799991607666051,-0.37999916076660867
2017-05-31,29.57999992370605,29.57999992370605,28.61000061035156,28.979999542236328,28.979999542236328,0.1845943078885257,-1.8292713656964943,-0.5400009155273438,-0.5400009155273438
2017-06-01,28.989999771118164,29.43000030517578,28.63999938964844,29.09000015258789,29.09000015258789,-0.0020529593674105,0.379574230811297,0.1100006103515625,0.1100006103515625
2017-06-02,29.700000762939453,30.18000030517578,27.770000457763672,28.280000686645508,28.280000686645508,1.412699594998745,-2.784460163951985,-0.8099994659423828,-0.8099994659423828
2017-06-05,28.239999771118164,28.549999237060547,27.38999938964844,27.93000030517578,27.93000030517578,0.5214870033798505,-1.2376250812292433,-0.3500003814697265,-0.35000038146972656
2017-06-06,27.780000686645508,28.040000915527344,27.270000457763672,27.31999969482422,27.31999969482422,0.2647064632619321,-2.184033668766272,-0.6100006103515625,-0.6100006103515625
2017-06-07,27.299999237060547,27.459999084472656,26.670000076293945,26.709999084472656,26.709999084472656,0.236034744496713,-2.232798745115383,-0.6100006103515625,-0.6100006103515625
2017-06-08,26.68000030517578,27.700000762939453,26.520000457763672,26.82999992370605,26.82999992370605,-0.1239077641195918,0.4492730937724287,0.1200008392333948,0.12000083923339488
2017-06-09,26.959999084472656,27.57999992370605,26.13999938964844,26.549999237060547,26.549999237060547,0.9002628958909562,-1.0436104638155697,-0.2800006866455042,-0.28000068664550426
2017-06-12,26.39999961853028,26.520000457763672,25.76000022888184,26.059999465942383,26.059999465942383,0.5608403428615238,-1.845573578903104,-0.489999771118164,-0.48999977111816406
2017-06-13,26.190000534057617,26.40999984741211,25.8799991607666,25.90999984741211,25.90999984741211,0.4301310367259661,-0.5755933292566184,-0.1499996185302734,-0.14999961853027344
2017-06-14,25.93000030517578,25.979999542236328,25.190000534057617,25.299999237060547,25.299999237060547,0.8905651086615438,-2.3543057273019974,-0.6100006103515625,-0.6100006103515625
2017-06-15,25.100000381469727,25.200000762939453,24.690000534057617,24.940000534057617,24.940000534057617,0.0408140711394121,-1.4229198176242908,-0.3599987030029297,-0.3599987030029297
2017-06-16,24.76000022888184,25.030000686645508,24.549999237060547,24.920000076293945,24.920000076293945,0.3172712809981672,-0.0801942956511148,-0.0200004577636718,-0.020000457763671875
2017-06-19,25.25,26.739999771118164,25.21999931335449,26.450000762939453,26.450000762939453,0.7057449607386852,6.139649606586395,1.5300006866455078,1.5300006866455078
2017-06-20,26.420000076293945,26.61000061035156,25.61000061035156,25.93000030517578,25.93000030517578,0.0228239730906472,-1.9659752089393967,-0.5200004577636719,-0.5200004577636719
2017-06-21,26.0,26.440000534057617,25.81999969482422,25.850000381469727,25.850000381469727,-0.2397190203085161,-0.3085226485326608,-0.0799999237060546,-0.07999992370605469
2017-06-22,25.8799991607666,26.350000381469727,25.549999237060547,26.040000915527344,26.040000915527344,-0.2748559305600102,0.7350117263202005,0.1900005340576172,0.1900005340576172
2017-06-23,25.739999771118164,26.26000022888184,25.700000762939453,25.770000457763672,25.770000457763672,0.4544457786199999,-1.036868080917286,-0.2700004577636719,-0.2700004577636719
2017-06-26,25.86000061035156,26.239999771118164,25.6299991607666,25.959999084472656,25.959999084472656,-0.2831482413793628,0.7372860820099136,0.1899986267089843,0.18999862670898438
2017-06-27,25.920000076293945,26.350000381469727,25.6200008392334,25.76000022888184,25.76000022888184,-0.4210254772062253,-0.7704116434674391,-0.1999988555908167,-0.19999885559081676
2017-06-28,25.88999938964844,26.350000381469727,25.56999969482422,25.89999961853028,25.89999961853028,-0.1965708945196815,0.5434758866635025,0.1399993896484375,0.13999938964844105
2017-06-29,25.780000686645508,25.8700008392334,24.06999969482422,24.8799991607666,24.8799991607666,0.719378081916265,-3.938225763655656,-1.0200004577636754,-1.020000457763679
2017-06-30,24.93000030517578,25.15999984741211,24.21999931335449,25.059999465942383,25.059999465942383,-0.2023333478009265,0.723473919804718,0.1800003051757812,0.18000030517578125
2017-07-03,25.209999084472656,25.440000534057617,24.559999465942383,25.25,25.25,-0.6080943873851796,0.7581825143924581,0.1900005340576172,0.1900005340576172
2017-07-05,25.13999938964844,25.530000686645508,24.68000030517578,25.39999961853028,25.39999961853028,-0.1678991757544623,0.5940578951694198,0.149999618530277,0.14999961853028054
2017-07-06,25.299999237060547,25.6200008392334,24.770000457763672,24.82999992370605,24.82999992370605,-0.1712723191386058,-2.2440933204124547,-0.5699996948242259,-0.5699996948242294
2017-07-07,24.81999969482422,25.15999984741211,24.6200008392334,24.979999542236328,24.979999542236328,-0.1768942247788448,0.6041063994811635,0.149999618530277,0.149999618530277
2017-07-10,24.959999084472656,24.959999084472656,24.270000457763672,24.350000381469727,24.350000381469727,-0.1216590018634962,-2.522014300686415,-0.6299991607666016,-0.6299991607666016
2017-07-11,24.350000381469727,24.65999984741211,24.15999984741211,24.530000686645508,24.530000686645508,-0.3483623468061357,0.739220954233577,0.1800003051757812,0.18000030517578125
2017-07-12,24.76000022888184,25.06999969482422,24.549999237060547,24.6299991607666,24.6299991607666,-0.5269983985247314,0.4076578529226715,0.0999984741210937,0.09999847412109375
2017-07-13,24.770000457763672,24.989999771118164,24.40999984741211,24.780000686645508,24.780000686645508,-0.4903154642221716,0.6090196142509274,0.1500015258789062,0.15000152587890625
2017-07-14,24.81999969482422,25.0,24.36000061035156,24.71999931335449,24.71999931335449,-0.5164573254492831,-0.2421362858288978,-0.0600013732910191,-0.06000137329101918
2017-07-17,24.71999931335449,26.21999931335449,24.690000534057617,26.01000022888184,26.01000022888184,0.6909874584330578,5.218450450483836,1.2900009155273509,1.2900009155273509
2017-07-18,25.81999969482422,25.96999931335449,24.89999961853028,25.209999084472656,25.209999084472656,0.0017418269397508,-3.075744472777253,-0.8000011444091832,-0.8000011444091832
2017-07-19,25.32999992370605,25.68000030517578,25.239999771118164,25.440000534057617,25.440000534057617,-0.3151931035287253,0.9123421576267444,0.2300014495849609,0.23000144958496094
2017-07-20,25.450000762939453,25.700000762939453,24.670000076293945,24.82999992370605,24.82999992370605,-0.3320588204494424,-2.397801090982421,-0.610000610351566,-0.610000610351566
2017-07-21,24.89999961853028,24.89999961853028,24.440000534057617,24.6299991607666,24.6299991607666,-0.5567944984179983,-0.8054803203946137,-0.2000007629394495,-0.20000076293944957
2017-07-24,24.739999771118164,24.89999961853028,24.31999969482422,24.770000457763672,24.770000457763672,-0.5222197787305282,0.568417790367115,0.1400012969970703,0.1400012969970703
2017-07-25,24.950000762939453,25.739999771118164,24.790000915527344,25.40999984741211,25.40999984741211,-0.3836398046986357,2.5837681785259914,0.6399993896484375,0.6399993896484375
2017-07-26,25.63999938964844,25.71999931335449,25.100000381469727,25.299999237060547,25.299999237060547,-0.4564434827397313,-0.4329028375132604,-0.1100006103515625,-0.1100006103515625
2017-07-27,25.450000762939453,25.64999961853028,24.82999992370605,25.36000061035156,25.36000061035156,-0.2661419768176397,0.2371595853770669,0.060001373291012,0.06000137329101207
2017-07-28,25.36000061035156,25.82999992370605,24.959999084472656,25.57999992370605,25.57999992370605,0.0478414531897109,0.8675051579639659,0.2199993133544922,0.2199993133544922
2017-07-31,25.68000030517578,25.950000762939453,24.5,24.709999084472656,24.709999084472656,0.5843117989095219,-3.401097896122862,-0.8700008392333949,-0.8700008392333949
2017-08-03,34.88999938964844,36.31999969482422,33.939998626708984,35.27000045776367,35.27000045776367,3.02309446564522,42.73574166146668,10.560001373291016,10.560001373291016
2017-08-04,35.400001525878906,36.97999954223633,35.099998474121094,36.4900016784668,36.4900016784668,1.9356773671819825,3.4590337535268745,1.220001220703125,1.220001220703125
2017-08-07,36.4900016784668,37.540000915527344,35.84000015258789,37.130001068115234,37.130001068115234,1.3576049197244024,1.7539034261708777,0.6399993896484375,0.6399993896484375
2017-08-08,37.310001373291016,37.84000015258789,35.86000061035156,35.9900016784668,35.9900016784668,1.2167761834364144,-3.070291831010452,-1.1399993896484375,-1.1399993896484375
2017-08-09,35.630001068115234,37.68999862670898,35.13999938964844,37.209999084472656,37.209999084472656,1.337366059419542,3.389823142841908,1.2199974060058594,1.2199974060058594
2017-08-10,37.0,37.20000076293945,35.220001220703125,35.22999954223633,35.22999954223633,1.1287933601666733,-5.321149129139757,-1.979999542236328,-1.9799995422363281
2017-08-11,35.130001068115234,36.47999954223633,35.02000045776367,35.619998931884766,35.619998931884766,0.289161752796972,1.1070093520179514,0.3899993896484375,0.3899993896484375
2017-08-14,36.2599983215332,36.5,35.88999938964844,36.45000076293945,36.45000076293945,0.1380730387155476,2.330156810621697,0.8300018310546875,0.8300018310546875
2017-08-15,36.54999923706055,36.54999923706055,35.08000183105469,35.34000015258789,35.34000015258789,0.05346335882995,-3.0452691004609123,-1.1100006103515625,-1.1100006103515625
2017-08-16,35.54999923706055,35.81999969482422,34.83000183105469,34.91999816894531,34.91999816894531,0.0138289240662647,-1.1884606163812372,-0.4200019836425781,-0.4200019836425781
2017-08-17,34.81999969482422,35.54999923706055,34.4900016784668,34.5,34.5,-0.0568665393597412,-1.2027439603900736,-0.4199981689453125,-0.4199981689453125
2017-08-18,34.70000076293945,35.97999954223633,34.70000076293945,35.220001220703125,35.220001220703125,0.4460129201596414,2.0869600600090576,0.720001220703125,0.720001220703125
2017-08-21,35.130001068115234,35.91999816894531,34.7599983215332,35.650001525878906,35.650001525878906,-0.0863815439709962,1.2208980416588355,0.4300003051757812,0.43000030517578125
2017-08-22,35.5,36.13999938964844,35.060001373291016,35.4900016784668,35.4900016784668,-0.3746447556742532,-0.4488074069112224,-0.1599998474121093,-0.15999984741210938
2017-08-23,35.150001525878906,35.93000030517578,35.0,35.38999938964844,35.38999938964844,-0.146254839039542,-0.2817759484047388,-0.1000022888183593,-0.10000228881835938
2017-08-24,35.709999084472656,35.880001068115234,35.220001220703125,35.68000030517578,35.68000030517578,-0.3078846261964146,0.8194431210195807,0.2900009155273437,0.29000091552734375
2017-08-25,35.900001525878906,37.15999984741211,35.65999984741211,37.060001373291016,37.060001373291016,0.7906357359062949,3.8677159649997295,1.3800010681152344,1.3800010681152344
2017-08-28,37.61000061035156,39.290000915527344,37.5,38.70000076293945,38.70000076293945,2.520496101407849,4.425254530158695,1.6399993896484375,1.6399993896484375
2017-08-29,38.25,39.08000183105469,37.58000183105469,38.91999816894531,38.91999816894531,1.3911958059248308,0.5684687381622311,0.2199974060058593,0.21999740600585938
2017-08-30,38.84999847412109,39.25,36.59000015258789,37.11000061035156,37.11000061035156,1.8142442053528187,-4.650559207985694,-1.80999755859375,-1.80999755859375
2017-08-31,37.400001525878906,38.06999969482422,37.06999969482422,37.52999877929688,37.52999877929688,0.8804456785091136,1.1317654595461413,0.4199981689453196,0.4199981689453196
2017-09-01,37.77000045776367,37.790000915527344,37.0,37.65999984741211,37.65999984741211,0.1245804651789739,0.3463924123198847,0.1300010681152272,0.13000106811522727
2017-09-05,37.86000061035156,39.4900016784668,37.77999877929688,39.2400016784668,39.2400016784668,1.360696967826534,4.195437699034565,1.5800018310546875,1.5800018310546875
2017-09-06,40.0,40.0,38.77999877929688,39.459999084472656,39.459999084472656,0.4073623188829979,0.5606457609470095,0.2199974060058593,0.21999740600585938
2017-09-07,39.93999862670898,40.2400016784668,38.84999847412109,39.68999862670898,39.68999862670898,0.4822742115391832,0.5828675812788564,0.229999542236321,0.22999954223632102
2017-09-08,39.61000061035156,41.33000183105469,39.61000061035156,40.459999084472656,40.459999084472656,1.665263705886484,1.9400364938423345,0.770000457763679,0.770000457763679
2017-09-11,40.0,40.0,37.310001373291016,37.81999969482422,37.81999969482422,2.5006788840260064,-6.524961565462794,-2.639999389648437,-2.6399993896484375
2017-09-12,37.88999938964844,39.08000183105469,37.88999938964844,38.59000015258789,38.59000015258789,0.3976645316535855,2.035961036427625,0.7700004577636719,0.7700004577636719
2017-09-13,38.56999969482422,39.150001525878906,38.209999084472656,38.22999954223633,38.22999954223633,0.2526193661354182,-0.932885744825318,-0.3600006103515625,-0.3600006103515625
2017-09-14,38.09000015258789,38.150001525878906,37.290000915527344,37.400001525878906,37.400001525878906,0.1175530831286751,-2.1710646777289178,-0.8299980163574219,-0.8299980163574219
2017-09-15,37.4900016784668,37.93999862670898,37.119998931884766,37.4900016784668,37.4900016784668,0.2852264188488047,0.2406421094010236,0.0900001525878906,0.09000015258789062
2017-09-18,37.59000015258789,37.93000030517578,36.84000015258789,37.540000915527344,37.540000915527344,-0.0208863432622113,0.1333668573540336,0.0499992370605468,0.049999237060546875
2017-09-19,37.61000061035156,37.880001068115234,37.060001373291016,37.619998931884766,37.619998931884766,-0.2134366114403986,0.2131007309707611,0.0799980163574218,0.07999801635742188
2017-09-20,37.29999923706055,38.22999954223633,37.29999923706055,37.54999923706055,37.54999923706055,0.2077846686545118,-0.1860704327795503,-0.0699996948242187,-0.06999969482421875
2017-09-21,37.630001068115234,37.869998931884766,37.310001373291016,37.540000915527344,37.540000915527344,-0.5029647519127095,-0.0266266890448729,-0.0099983215332031,-0.009998321533203125
2017-09-22,37.5099983215332,37.59999847412109,36.619998931884766,36.95000076293945,36.95000076293945,-0.016810461673038,-1.5716572674452256,-0.5900001525878906,-0.5900001525878906
2017-09-25,36.91999816894531,37.88999938964844,36.630001068115234,37.7400016784668,37.7400016784668,0.159576827789462,2.138026790840297,0.7900009155273438,0.7900009155273438
2017-09-26,37.68000030517578,38.2400016784668,37.220001220703125,37.27000045776367,37.27000045776367,-0.4193389055141536,-1.2453661891893677,-0.470001220703125,-0.470001220703125
2017-09-27,37.380001068115234,37.95000076293945,36.959999084472656,37.66999816894531,37.66999816894531,-0.2530710462040839,1.0732431077776328,0.3999977111816406,0.3999977111816406
2017-09-28,37.560001373291016,38.93000030517578,37.52999877929688,38.79999923706055,38.79999923706055,0.2919727056170915,2.999737518030443,1.1300010681152344,1.1300010681152344
2017-09-29,38.810001373291016,39.25,38.43999862670898,38.97999954223633,38.97999954223633,0.2089090497825596,0.4639183214309117,0.1800003051757812,0.18000030517578125
2017-10-02,39.220001220703125,39.25,37.81999969482422,38.709999084472656,38.709999084472656,-0.0023340546494224,-0.6926640865429379,-0.2700004577636719,-0.2700004577636719
2017-10-03,38.02000045776367,38.65999984741211,35.70000076293945,36.81999969482422,36.81999969482422,2.264699394776972,-4.882457851585309,-1.8899993896484373,-1.8899993896484375
2017-10-04,36.810001373291016,37.130001068115234,36.09999847412109,36.79999923706055,36.79999923706055,0.1131961062574899,-0.0543195489664416,-0.0200004577636718,-0.020000457763671875
2017-10-05,36.810001373291016,37.91999816894531,36.5,36.79999923706055,36.79999923706055,0.0273214976028384,0.0,0.0,0.0
2017-10-06,36.59000015258789,37.45000076293945,36.59000015258789,36.90999984741211,36.90999984741211,-0.1267187169397113,0.298914708239395,0.1100006103515625,0.1100006103515625
2017-10-09,36.970001220703125,36.9900016784668,35.75,35.79999923706055,35.79999923706055,0.4784794252320218,-3.0073167568148595,-1.1100006103515625,-1.1100006103515625
2017-10-10,35.84000015258789,36.09000015258789,34.040000915527344,34.22999954223633,34.22999954223633,1.231533685742042,-4.385474101348407,-1.5699996948242188,-1.5699996948242188
2017-10-11,34.560001373291016,35.65999984741211,34.439998626708984,35.15999984741211,35.15999984741211,0.4394071810323605,2.716915914732198,0.9300003051757812,0.9300003051757812
2017-10-12,35.040000915527344,35.310001373291016,34.18000030517578,34.810001373291016,34.810001373291016,-0.0720456845883866,-0.9954450387941516,-0.3499984741210937,-0.34999847412109375
2017-10-13,34.849998474121094,35.09000015258789,34.470001220703125,34.81999969482422,34.81999969482422,-0.3972729258762154,0.0287225542624502,0.0099983215332031,0.009998321533203125
2017-10-16,34.88999938964844,35.2599983215332,34.220001220703125,34.47999954223633,34.47999954223633,-0.2714827871758667,-0.9764507626874864,-0.3400001525878906,-0.3400001525878906
2017-10-17,34.5099983215332,35.31999969482422,34.2599983215332,35.130001068115234,35.130001068115234,0.1219100599998604,1.8851552624955303,0.6500015258789062,0.6500015258789062
2017-10-18,35.130001068115234,35.72999954223633,35.060001373291016,35.13999938964844,35.13999938964844,-0.2172313977475599,0.0284609200945196,0.0099983215332031,0.009998321533203125
2017-10-19,34.83000183105469,35.060001373291016,33.900001525878906,34.959999084472656,34.959999084472656,0.0923950553886054,-0.5122376445709453,-0.1800003051757812,-0.18000030517578125
2017-10-20,35.18000030517578,35.540000915527344,34.209999084472656,34.86000061035156,34.86000061035156,-0.1157560009412452,-0.2860368327798568,-0.0999984741210937,-0.09999847412109375
2017-10-23,35.0099983215332,35.04999923706055,34.45000076293945,34.650001525878906,34.650001525878906,-0.3649469684448409,-0.602407001709282,-0.2099990844726562,-0.20999908447265625
2017-10-24,34.689998626708984,35.29999923706055,34.650001525878906,34.880001068115234,34.880001068115234,-0.4380317417679485,0.6637793134425918,0.2299995422363281,0.22999954223632812
2017-10-25,36.83000183105469,36.84999847412109,34.06999969482422,34.880001068115234,34.880001068115234,0.4677978045155677,0.0,0.0,0.0
2017-10-26,34.880001068115234,35.650001525878906,34.56999969482422,35.54999923706055,35.54999923706055,0.0753887908268823,1.9208662512277817,0.6699981689453125,0.6699981689453125
2017-10-27,35.36000061035156,35.849998474121094,34.7400016784668,35.470001220703125,35.470001220703125,0.6034262780863346,-0.2250295867067819,-0.0799980163574218,-0.07999801635742188
2017-10-30,35.18000030517578,35.43000030517578,34.34000015258789,34.77000045776367,34.77000045776367,1.565334333131235,-1.9735008143469623,-0.7000007629394531,-0.7000007629394531
2017-11-01,31.01000022888184,31.75,29.209999084472656,31.3799991607666,31.3799991607666,2.7058784398947315,-9.749787898665751,-3.3900012969970703,-3.3900012969970703
2017-11-02,31.229999542236328,31.25,30.239999771118164,30.350000381469727,30.350000381469727,0.5722247017830079,-3.282341640673625,-1.029998779296875,-1.029998779296875
2017-11-03,30.459999084472656,31.46999931335449,30.43000030517578,30.709999084472656,30.709999084472656,0.884381012457281,1.186157161377599,0.3599987030029297,0.3599987030029297
2017-11-06,30.6299991607666,31.030000686645508,30.239999771118164,30.729999542236328,30.729999542236328,-0.1215184542224902,0.0651268588730991,0.0200004577636718,0.020000457763671875
2017-11-07,30.979999542236328,30.979999542236328,28.559999465942383,28.809999465942383,28.809999465942383,1.5061637762677191,-6.247966498193513,-1.920000076293945,-1.9200000762939453
2017-11-08,28.8799991607666,29.729999542236328,28.850000381469727,29.57999992370605,29.57999992370605,0.2810099896186254,2.6726847345968308,0.7700004577636683,0.7700004577636683
2017-11-09,29.209999084472656,29.809999465942383,29.07999992370605,29.43000030517578,29.43000030517578,-0.1175831202743229,-0.507098103168202,-0.1499996185302698,-0.14999961853026988
2017-11-10,29.43000030517578,29.59000015258789,28.989999771118164,29.0,29.0,-0.3501894661392134,-1.461095143448432,-0.4300003051757812,-0.43000030517578125
2017-11-13,28.89999961853028,29.100000381469727,28.0,28.049999237060547,28.049999237060547,0.1228938934869022,-3.27586469979122,-0.9500007629394532,-0.9500007629394531
2017-11-14,28.0,29.34000015258789,27.780000686645508,28.59000015258789,28.59000015258789,0.1316078472292727,1.925137006113986,0.5400009155273438,0.5400009155273438
2017-11-15,28.549999237060547,28.549999237060547,27.709999084472656,28.32999992370605,28.32999992370605,-0.0889114015091037,-0.9094096799377116,-0.2600002288818395,-0.2600002288818395
2017-11-16,28.350000381469727,29.200000762939453,28.13999938964844,29.1299991607666,29.1299991607666,-0.2360647816423608,2.8238589453405627,0.7999992370605504,0.7999992370605504
2017-11-17,29.280000686645508,29.6200008392334,28.940000534057617,29.059999465942383,29.059999465942383,-0.3402105836277891,-0.2403010533501781,-0.0699996948242187,-0.06999969482421875
2017-11-20,29.15999984741211,29.299999237060547,28.850000381469727,28.940000534057617,28.940000534057617,-0.5195493735514146,-0.4129350794565667,-0.1199989318847656,-0.11999893188476562
2017-11-21,28.89999961853028,28.96999931335449,28.559999465942383,28.780000686645508,28.780000686645508,-0.5101326816040143,-0.5528674653057286,-0.1599998474121093,-0.15999984741210938
2017-11-22,28.780000686645508,28.809999465942383,28.1200008392334,28.15999984741211,28.15999984741211,-0.5151923966802294,-2.1542766658830925,-0.6200008392333984,-0.6200008392333984
2017-11-24,28.1200008392334,28.43000030517578,27.81999969482422,27.93000030517578,27.93000030517578,-0.4870828684790341,-0.8167597424808437,-0.2299995422363281,-0.22999954223632812
2017-11-27,28.01000022888184,28.420000076293945,27.36000061035156,27.5,27.5,0.3155847093060955,-1.539564269521676,-0.4300003051757812,-0.43000030517578125
2017-11-28,27.5,27.96999931335449,27.270000457763672,27.90999984741211,27.90999984741211,0.1259859415890337,1.4909085360440333,0.4099998474121094,0.4099998474121094
2017-11-29,28.059999465942383,28.3799991607666,27.6299991607666,27.65999984741211,27.65999984741211,-0.2415461396415938,-0.8957363001317997,-0.25,-0.25
2017-11-30,27.81999969482422,28.959999084472656,27.61000061035156,28.350000381469727,28.350000381469727,0.259365652903705,2.4945789510630645,0.6900005340576172,0.6900005340576172
2017-12-01,28.38999938964844,28.709999084472656,27.3799991607666,27.96999931335449,27.96999931335449,0.2139687648587747,-1.3403917566209844,-0.3800010681152379,-0.3800010681152379
2017-12-04,28.59000015258789,29.479999542236328,28.420000076293945,29.36000061035156,29.36000061035156,0.3543758582237449,4.969615055848076,1.3900012969970703,1.3900012969970703
2017-12-05,29.350000381469727,30.020000457763672,28.729999542236328,29.34000015258789,29.34000015258789,0.3729281468365338,-0.0681214487325831,-0.0200004577636683,-0.020000457763668322
2017-12-06,29.239999771118164,29.56999969482422,28.959999084472656,29.07999992370605,29.07999992370605,-0.3955863541841437,-0.8861630113485397,-0.2600002288818395,-0.2600002288818395
2017-12-07,29.030000686645508,30.100000381469727,28.86000061035156,29.940000534057617,29.940000534057617,-0.2374702580524205,2.957361116258084,0.860000610351566,0.860000610351566
2017-12-08,30.14999961853028,30.790000915527344,30.07999992370605,30.299999237060547,30.299999237060547,-0.1723967002666536,1.202400456183761,0.3599987030029297,0.3599987030029297
2017-12-11,30.38999938964844,30.729999542236328,30.07999992370605,30.40999984741211,30.40999984741211,0.2846642282847808,0.3630383271330917,0.1100006103515625,0.1100006103515625
2017-12-12,30.520000457763672,30.770000457763672,29.950000762939453,30.0,30.0,-0.3574979434715242,-1.3482402152889206,-0.4099998474121094,-0.4099998474121094
2017-12-13,30.0,30.790000915527344,30.0,30.34000015258789,30.34000015258789,-0.4016299027474007,1.1333338419596384,0.3400001525878906,0.3400001525878906
2017-12-14,30.420000076293945,30.489999771118164,29.040000915527344,29.299999237060547,29.299999237060547,-0.0348005597218029,-3.427821062283798,-1.0400009155273438,-1.0400009155273438
2017-12-15,29.520000457763672,29.850000381469727,29.040000915527344,29.479999542236328,29.479999542236328,0.542006958966723,0.6143355285419538,0.1800003051757812,0.18000030517578125
2017-12-18,29.709999084472656,31.21999931335449,29.709999084472656,31.049999237060547,31.049999237060547,0.0159371386813544,5.3256435522492485,1.5699996948242188,1.5699996948242188
2017-12-19,31.209999084472656,31.86000061035156,31.049999237060547,31.09000015258789,31.09000015258789,0.0059582561699301,0.1288274283743007,0.0400009155273437,0.04000091552734375
2017-12-20,31.14999961853028,31.89999961853028,30.670000076293945,31.63999938964844,31.63999938964844,-0.246324759435797,1.7690551121299023,0.5499992370605504,0.5499992370605504
2017-12-21,31.76000022888184,31.82999992370605,31.25,31.3799991607666,31.3799991607666,-0.3881373292108269,-0.821745366300175,-0.2600002288818395,-0.2600002288818395
2017-12-22,31.3799991607666,31.40999984741211,30.88999938964844,31.200000762939453,31.200000762939453,-0.4286150498205481,-0.5736086763577619,-0.1799983978271484,-0.17999839782714844
2017-12-26,31.1299991607666,31.950000762939453,31.06999969482422,31.799999237060547,31.799999237060547,-0.4304421691536257,1.923071985414171,0.5999984741210938,0.5999984741210938
2017-12-27,31.8799991607666,32.630001068115234,31.600000381469727,31.93000030517578,31.93000030517578,-0.2456220212307671,0.4088084001075298,0.1300010681152343,0.13000106811523438
2017-12-28,31.93000030517578,32.310001373291016,31.290000915527344,31.38999938964844,31.38999938964844,-0.0752782803315241,-1.6912023500350817,-0.5400009155273402,-0.5400009155273402
2017-12-29,31.450000762939453,31.93000030517578,31.36000061035156,31.38999938964844,31.38999938964844,-0.2435138066156775,0.0,0.0,0.0
2018-01-02,31.530000686645508,31.68000030517578,30.540000915527344,30.68000030517578,30.68000030517578,-0.1074636901218926,-2.261863963931132,-0.7099990844726598,-0.7099990844726598
2018-01-03,30.739999771118164,31.3799991607666,30.64999961853028,31.25,31.25,-0.1007174033536057,1.8578868616505817,0.5699996948242188,0.5699996948242188
2018-01-04,31.34000015258789,31.520000457763672,29.920000076293945,31.270000457763672,31.270000457763672,0.2975946112573305,0.0640014648437548,0.0200004577636718,0.020000457763671875
2018-01-05,31.299999237060547,32.13999938964844,31.299999237060547,31.89999961853028,31.89999961853028,-0.3026843634791935,2.014707871902788,0.6299991607666051,0.6299991607666087
2018-01-08,31.89999961853028,32.0099983215332,31.13999938964844,31.25,31.25,-0.5187060877053787,-2.037616383395502,-0.649999618530277,-0.6499996185302805
2018-01-09,31.26000022888184,31.309999465942383,30.700000762939453,31.020000457763672,31.020000457763672,-0.3840614476216537,-0.7359985351562459,-0.2299995422363281,-0.22999954223632812
2018-01-10,30.780000686645508,31.40999984741211,30.75,31.25,31.25,-0.7264355011122116,0.7414556377892012,0.2299995422363281,0.22999954223632812
2018-01-11,31.34000015258789,31.809999465942383,30.700000762939453,31.799999237060547,31.799999237060547,-0.199522394980807,1.759997558593751,0.5499992370605469,0.5499992370605469
2018-01-12,31.809999465942383,31.950000762939453,30.34000015258789,30.46999931335449,30.46999931335449,-0.0149833423399603,-4.182389797531949,-1.3299999237060582,-1.3299999237060582
2018-01-16,30.690000534057617,30.799999237060547,28.8700008392334,29.06999969482422,29.06999969482422,0.6523368571564143,-4.594682146634222,-1.39999961853027,-1.3999996185302699
2018-01-17,29.1200008392334,29.739999771118164,28.71999931335449,29.40999984741211,29.40999984741211,0.1251426557429978,1.1695911804513237,0.3400001525878906,0.3400001525878906
2018-01-18,29.40999984741211,29.71999931335449,28.780000686645508,29.420000076293945,29.420000076293945,-0.3047925780942831,0.0340028185437546,0.0100002288818359,0.010000228881835938
2018-01-19,29.420000076293945,30.549999237060547,29.290000915527344,30.32999992370605,30.32999992370605,-0.4499782912534564,3.0931333958267526,0.9099998474121058,0.9099998474121058
2018-01-22,30.40999984741211,31.190000534057617,30.100000381469727,31.14999961853028,31.14999961853028,-0.1395085522712552,2.703592802132881,0.8199996948242259,0.8199996948242294
2018-01-23,31.190000534057617,31.239999771118164,30.32999992370605,30.64999961853028,30.64999961853028,-0.5232036122175701,-1.6051364562539638,-0.5,-0.5
2018-01-24,30.809999465942383,31.18000030517578,30.440000534057617,30.6299991607666,30.6299991607666,-0.6248195566648908,-0.0652543491438839,-0.0200004577636754,-0.02000045776367898
2018-01-25,30.850000381469727,30.8700008392334,30.309999465942383,30.559999465942383,30.559999465942383,-0.2835698843023807,-0.2285331268107926,-0.0699996948242187,-0.06999969482421875
2018-01-26,30.61000061035156,30.790000915527344,30.200000762939453,30.76000022888184,30.76000022888184,-0.5752062393897812,0.6544527697467606,0.2000007629394566,0.20000076293945668
2018-01-29,30.64999961853028,30.71999931335449,29.36000061035156,29.38999938964844,29.38999938964844,0.1585929943024202,-4.453838846031766,-1.3700008392333984,-1.3700008392333984
2018-01-30,28.959999084472656,29.68000030517578,28.670000076293945,29.200000762939453,29.200000762939453,-0.075559375613536,-0.6464737347898986,-0.1899986267089879,-0.18999862670898793
2018-01-31,29.5,29.530000686645508,27.5,27.940000534057617,27.940000534057617,0.9587307145494424,-4.315069164248186,-1.260000228881836,-1.260000228881836
2018-02-01,27.71999931335449,27.780000686645508,26.65999984741211,27.049999237060547,27.049999237060547,0.6932362206891534,-3.185401861077985,-0.8900012969970703,-0.8900012969970703
2018-02-02,26.780000686645508,27.100000381469727,25.780000686645508,25.790000915527344,25.790000915527344,0.42999048908496,-4.658034591760396,-1.2599983215332031,-1.2599983215332031
2018-02-05,25.6200008392334,26.14999961853028,24.61000061035156,24.700000762939453,24.700000762939453,0.619027066237998,-4.226444799897767,-1.0900001525878906,-1.0900001525878906
2018-02-06,24.09000015258789,26.32999992370605,23.809999465942383,26.13999938964844,26.13999938964844,0.4758090200529083,5.829953774210406,1.439998626708988,1.439998626708988
2018-02-07,26.11000061035156,26.59000015258789,25.670000076293945,26.0,26.0,0.06498826539244,-0.5355753363325721,-0.139999389648441,-0.13999938964844105
2018-02-08,26.030000686645508,26.21999931335449,25.18000030517578,25.56999969482422,25.56999969482422,0.2214177898320915,-1.653847327599156,-0.4300003051757812,-0.43000030517578125
2018-02-09,25.90999984741211,27.06999969482422,25.39999961853028,26.86000061035156,26.86000061035156,0.6375793548507869,5.04497822027139,1.2900009155273402,1.2900009155273402
2018-02-12,25.809999465942383,25.88999938964844,24.11000061035156,24.489999771118164,24.489999771118164,3.407351716155558,-8.823532335736516,-2.370000839233395,-2.370000839233395
2018-02-13,24.209999084472656,24.25,22.350000381469727,23.1299991607666,23.1299991607666,2.942701214989801,-5.553289600089972,-1.3600006103515625,-1.3600006103515625
2018-02-14,23.01000022888184,24.190000534057617,22.600000381469727,23.90999984741211,23.90999984741211,0.5058862152281872,3.372246930162248,0.7800006866455078,0.7800006866455078
2018-02-15,24.030000686645508,24.63999938964844,23.709999084472656,24.520000457763672,24.520000457763672,0.1199423930257767,2.551236362377418,0.6100006103515625,0.6100006103515625
2018-02-16,24.46999931335449,25.1200008392334,23.450000762939453,23.82999992370605,23.82999992370605,0.4231036546756672,-2.814031489298563,-0.6900005340576207,-0.6900005340576207
2018-02-20,23.739999771118164,24.229999542236328,23.5,23.6299991607666,23.6299991607666,0.0680803134945715,-0.8392814250095304,-0.2000007629394495,-0.20000076293944957
2018-02-21,23.600000381469727,23.88999938964844,22.790000915527344,23.51000022888184,23.51000022888184,0.6035668257273407,-0.5078245287625682,-0.119998931884762,-0.11999893188476207
2018-02-22,23.690000534057617,24.31999969482422,23.68000030517578,23.84000015258789,23.84000015258789,0.0521984300608962,1.4036576796824018,0.3299999237060511,0.32999992370605113
2018-02-23,23.920000076293945,24.89999961853028,23.920000076293945,24.850000381469727,24.850000381469727,0.1396190627666134,4.236578114166667,1.010000228881836,1.010000228881836
2018-02-26,25.0,25.290000915527344,24.200000762939453,24.71999931335449,24.71999931335449,1.2136841353342829,-0.5231431232177286,-0.1300010681152379,-0.13000106811523793
2018-02-28,21.979999542236328,23.489999771118164,21.6200008392334,23.15999984741211,23.15999984741211,1.6493818224528087,-6.310677626514416,-1.5599994659423793,-1.5599994659423793
2018-03-01,22.81999969482422,23.690000534057617,22.63999938964844,23.350000381469727,23.350000381469727,0.6222596619811355,0.8203822768109825,0.1900005340576172,0.1900005340576172
2018-03-02,23.01000022888184,23.479999542236328,22.59000015258789,23.309999465942383,23.309999465942383,0.2509327944433465,-0.1713101279393947,-0.0400009155273437,-0.04000091552734375
2018-03-05,23.190000534057617,24.200000762939453,23.09000015258789,23.84000015258789,23.84000015258789,0.3886694826292031,2.27370527150752,0.5300006866455078,0.5300006866455078
2018-03-06,23.96999931335449,24.34000015258789,23.64999961853028,24.09000015258789,24.09000015258789,0.3049030885896413,1.0486577114088735,0.25,0.25
2018-03-07,23.809999465942383,24.530000686645508,23.809999465942383,24.25,24.25,-0.1964303468786755,0.6641753690272312,0.1599998474121093,0.15999984741210938
2018-03-08,24.440000534057617,24.799999237060547,24.25,24.31999969482422,24.31999969482422,-0.1930572034945321,0.2886585353575999,0.0699996948242187,0.06999969482421875
2018-03-09,24.46999931335449,25.239999771118164,24.13999938964844,25.100000381469727,25.100000381469727,0.1467869924579181,3.207239705728737,0.7800006866455078,0.7800006866455078
2018-03-12,25.209999084472656,25.43000030517578,24.959999084472656,25.040000915527344,25.040000915527344,0.4107354622671413,-0.2390416933486516,-0.0599994659423828,-0.05999946594238281
2018-03-13,25.13999938964844,25.63999938964844,24.86000061035156,24.89999961853028,24.89999961853028,-0.0647372072560758,-0.5591105905681126,-0.1400012969970667,-0.1400012969970632
2018-03-14,25.049999237060547,25.200000762939453,24.6200008392334,24.850000381469727,24.850000381469727,0.0277431405258564,-0.2008001519138269,-0.0499992370605504,-0.04999923706055398
2018-03-15,25.0,25.32999992370605,24.3799991607666,24.56999969482422,24.56999969482422,-0.2418272349236058,-1.1267633092444496,-0.2800006866455078,-0.2800006866455078
2018-03-16,25.420000076293945,26.059999465942383,24.96999931335449,25.350000381469727,25.350000381469727,1.6558470139390835,3.174606008683911,0.7800006866455078,0.7800006866455078
2018-03-19,25.64999961853028,25.64999961853028,24.209999084472656,24.290000915527344,24.290000915527344,0.1674474956857966,-4.181457396415733,-1.0599994659423828,-1.0599994659423828
2018-03-20,24.34000015258789,24.479999542236328,23.770000457763672,24.420000076293945,24.420000076293945,0.0150938528353185,0.5351961954167761,0.1299991607666015,0.12999916076660156
2018-03-21,24.450000762939453,24.59000015258789,24.100000381469727,24.280000686645508,24.280000686645508,-0.3610116344966735,-0.5732980721173009,-0.1399993896484375,-0.1399993896484375
2018-03-22,24.0,24.530000686645508,23.670000076293945,23.770000457763672,23.770000457763672,-0.3161769370157672,-2.1004951172112096,-0.5100002288818359,-0.5100002288818359
2018-03-23,23.90999984741211,24.13999938964844,23.280000686645508,23.290000915527344,23.290000915527344,-0.1475197678085958,-2.0193501598337216,-0.4799995422363281,-0.4799995422363281
2018-03-26,23.6200008392334,24.1200008392334,23.520000457763672,23.950000762939453,23.950000762939453,-0.1253132405296516,2.833833497069937,0.6599998474121094,0.6599998474121094
2018-03-27,23.979999542236328,24.020000457763672,23.290000915527344,23.38999938964844,23.38999938964844,-0.4363451700758767,-2.338210252408701,-0.5600013732910121,-0.5600013732910121
2018-03-28,23.43000030517578,23.770000457763672,23.32999992370605,23.479999542236328,23.479999542236328,-0.5721141912876497,0.384780482840541,0.090000152587887,0.09000015258788707
2018-03-29,23.51000022888184,24.040000915527344,23.51000022888184,23.920000076293945,23.920000076293945,-0.5281227796527792,1.8739375751099847,0.4400005340576172,0.4400005340576172
2018-04-02,23.75,23.790000915527344,21.89999961853028,22.170000076293945,22.170000076293945,-0.0012096735213746,-7.3160534883708,-1.75,-1.75
2018-04-03,22.21999931335449,22.75,21.920000076293945,22.299999237060547,22.299999237060547,-0.1901057030334066,0.5863742008084483,0.1299991607666015,0.12999916076660156
2018-04-04,21.950000762939453,23.559999465942383,21.84000015258789,23.51000022888184,23.51000022888184,-0.0884897585860858,5.426013601876645,1.2100009918212926,1.2100009918212926
2018-04-05,23.809999465942383,23.8799991607666,23.209999084472656,23.68000030517578,23.68000030517578,-0.5400693291382872,0.7230968721348541,0.1700000762939417,0.17000007629394176
2018-04-06,23.420000076293945,23.89999961853028,22.600000381469727,22.959999084472656,22.959999084472656,-0.4030353791574604,-3.040545656351845,-0.720001220703125,-0.720001220703125
2018-04-09,23.14999961853028,23.36000061035156,22.440000534057617,22.450000762939453,22.450000762939453,-0.5425991866763947,-2.221247133577209,-0.5099983215332031,-0.5099983215332031
2018-04-10,22.81999969482422,23.030000686645508,22.6299991607666,22.920000076293945,22.920000076293945,-0.4752768666345321,2.093538072971324,0.4699993133544922,0.4699993133544922
2018-04-11,22.75,23.309999465942383,22.68000030517578,22.81999969482422,22.81999969482422,-0.364103682598805,-0.4363018374208272,-0.1000003814697265,-0.10000038146972656
2018-04-12,22.940000534057617,23.06999969482422,22.350000381469727,22.88999938964844,22.88999938964844,-0.4359235271528588,0.3067471330426841,0.0699996948242223,0.0699996948242223
2018-04-13,22.979999542236328,23.040000915527344,22.34000015258789,22.540000915527344,22.540000915527344,-0.4355018842298409,-1.52904536240126,-0.3499984741210973,-0.3499984741210973
2018-04-16,22.65999984741211,23.07999992370605,22.39999961853028,22.809999465942383,22.809999465942383,-0.0861004486889842,1.1978639727074911,0.269998550415039,0.26999855041503906
2018-04-17,22.940000534057617,23.540000915527344,22.940000534057617,23.43000030517578,23.43000030517578,-0.0086586984946914,2.7181098366929834,0.6200008392333984,0.6200008392333984
2018-04-18,23.56999969482422,24.420000076293945,23.56999969482422,24.06999969482422,24.06999969482422,0.0597880026752189,2.731538119131227,0.6399993896484375,0.6399993896484375
2018-04-19,23.90999984741211,23.90999984741211,22.63999938964844,22.950000762939453,22.950000762939453,0.2824154660286851,-4.653090760635115,-1.1199989318847656,-1.1199989318847656
2018-04-20,22.959999084472656,22.989999771118164,22.450000762939453,22.71999931335449,22.71999931335449,-0.3234854143480779,-1.0021849321956489,-0.2300014495849645,-0.2300014495849645
2018-04-23,22.75,23.65999984741211,22.600000381469727,23.57999992370605,23.57999992370605,-0.1033878085327193,3.78521406840917,0.8600006103515625,0.8600006103515625
2018-04-24,23.75,24.21999931335449,23.479999542236328,24.11000061035156,24.11000061035156,0.6846628145877889,2.247670434098148,0.5300006866455078,0.5300006866455078
2018-04-25,23.989999771118164,24.049999237060547,23.39999961853028,23.739999771118164,23.739999771118164,0.017904805655438,-1.5346363743953484,-0.3700008392333949,-0.3700008392333949
2018-04-26,23.850000381469727,24.770000457763672,23.68000030517578,24.6299991607666,24.6299991607666,0.2274613383953485,3.748944390181519,0.8899993896484375,0.8899993896484375
2018-04-27,24.75,24.90999984741211,24.34000015258789,24.75,24.75,0.189091832400717,0.4872141425995124,0.1200008392333984,0.12000083923339844
2018-04-30,24.920000076293945,24.93000030517578,23.88999938964844,24.06999969482422,24.06999969482422,1.2291443758449403,-2.747475980508207,-0.6800003051757812,-0.6800003051757812
2018-05-02,19.90999984741211,20.32999992370605,19.40999984741211,20.0,20.0,1.6647015153224602,-16.909014318348305,-4.069999694824219,-4.069999694824219
2018-05-03,19.93000030517578,20.61000061035156,19.6299991607666,20.459999084472656,20.459999084472656,1.0216960577201195,2.299995422363277,0.4599990844726562,0.45999908447265625
2018-05-04,20.3799991607666,21.280000686645508,20.34000015258789,20.8700008392334,20.8700008392334,0.3213471625873405,2.0039187346391207,0.4100017547607422,0.4100017547607422
2018-05-07,20.940000534057617,21.1299991607666,20.520000457763672,20.8700008392334,20.8700008392334,0.1491763023550197,0.0,0.0,0.0
2018-05-08,20.71999931335449,21.39999961853028,20.65999984741211,21.290000915527344,21.290000915527344,0.0007579934527089,2.0124583584318234,0.4200000762939453,0.4200000762939453
2018-05-09,21.40999984741211,21.770000457763672,21.14999961853028,21.479999542236328,21.479999542236328,-0.0211674385442232,0.8924312754275743,0.1899986267089843,0.18999862670898438
2018-05-10,21.6200008392334,21.75,21.270000457763672,21.290000915527344,21.290000915527344,-0.2810400267642731,-0.8845373871418816,-0.1899986267089843,-0.18999862670898438
2018-05-11,21.36000061035156,21.729999542236328,21.21999931335449,21.299999237060547,21.299999237060547,-0.3673362783419425,0.0469625227959014,0.0099983215332031,0.009998321533203125
2018-05-14,21.239999771118164,21.51000022888184,20.89999961853028,21.31999969482422,21.31999969482422,-0.2279130184640141,0.0938988661035811,0.0200004577636718,0.020000457763671875
2018-05-15,21.100000381469727,21.63999938964844,20.979999542236328,21.059999465942383,21.059999465942383,0.0166398768863842,-1.2195132861327118,-0.2600002288818359,-0.26000022888183594
2018-05-16,21.21999931335449,21.280000686645508,20.190000534057617,20.239999771118164,20.239999771118164,0.8580986035891633,-3.893635876630952,-0.8199996948242188,-0.8199996948242188
2018-05-17,20.200000762939453,20.799999237060547,20.09000015258789,20.34000015258789,20.34000015258789,0.7095397470458467,0.4940730365640799,0.1000003814697265,0.10000038146972656
2018-05-18,20.3700008392334,20.530000686645508,20.14999961853028,20.31999969482422,20.31999969482422,-0.1188480490433767,-0.0983306667336814,-0.0200004577636718,-0.020000457763671875
2018-05-21,20.420000076293945,20.520000457763672,20.200000762939453,20.36000061035156,20.36000061035156,-0.2842726225074106,0.1968549022051791,0.0400009155273402,0.0400009155273402
2018-05-22,20.40999984741211,20.489999771118164,19.920000076293945,20.13999938964844,20.13999938964844,0.0867731497483663,-1.080556061433824,-0.2200012207031179,-0.2200012207031179
2018-05-23,20.1299991607666,20.96999931335449,20.01000022888184,20.950000762939453,20.950000762939453,0.919517922708775,4.021854011114501,0.8100013732910121,0.8100013732910121
2018-05-24,20.950000762939453,21.3799991607666,20.920000076293945,21.14999961853028,21.14999961853028,-0.0380331554649404,0.9546484406082856,0.1999988555908238,0.19999885559082742
2018-05-25,21.030000686645508,21.56999969482422,21.030000686645508,21.46999931335449,21.46999931335449,-0.1864514643672512,1.5130009484437543,0.3199996948242116,0.3199996948242081
2018-05-29,21.190000534057617,21.8700008392334,21.100000381469727,21.190000534057617,21.190000534057617,-0.352157133113297,-1.3041396751359513,-0.2799987792968714,-0.27999877929687145
2018-05-30,21.32999992370605,21.38999938964844,21.07999992370605,21.170000076293945,21.170000076293945,-0.5232036122175701,-0.0943863013666557,-0.0200004577636718,-0.020000457763671875
2018-05-31,21.229999542236328,21.3799991607666,20.959999084472656,21.15999984741211,21.15999984741211,-0.2990301248130381,-0.0472377366357856,-0.0100002288818359,-0.010000228881835938
2018-06-01,21.36000061035156,21.790000915527344,21.270000457763672,21.38999938964844,21.38999938964844,-0.4720442708913947,1.0869543662329617,0.2299995422363316,0.22999954223633168
2018-06-04,21.39999961853028,22.34000015258789,21.39999961853028,22.170000076293945,22.170000076293945,-0.0120318418788348,3.64656712904341,0.7800006866455043,0.7800006866455043
2018-06-05,22.0,22.479999542236328,21.850000381469727,22.46999931335449,22.46999931335449,-0.546815615906574,1.3531765269650498,0.2999992370605433,0.2999992370605433
2018-06-06,22.5,23.38999938964844,22.479999542236328,23.21999931335449,23.21999931335449,-0.0173726522370619,3.3377838136125604,0.75,0.75
2018-06-07,23.34000015258789,23.90999984741211,23.32999992370605,23.65999984741211,23.65999984741211,0.1966814050150397,1.8949205300129448,0.4400005340576207,0.44000053405762074
2018-06-08,23.559999465942383,25.13999938964844,23.479999542236328,25.049999237060547,25.049999237060547,1.036734655307759,5.874891794644177,1.3899993896484375,1.3899993896484375
2018-06-11,25.1299991607666,26.229999542236328,24.26000022888184,24.76000022888184,24.76000022888184,3.160409510908058,-1.1576807066311812,-0.2899990081787074,-0.2899990081787074
2018-06-12,24.920000076293945,26.14999961853028,24.89999961853028,25.670000076293945,25.670000076293945,1.7332887641333763,3.675282063812824,0.9099998474121058,0.9099998474121058
2018-06-13,25.6200008392334,25.850000381469727,24.64999961853028,25.200000762939453,25.200000762939453,0.9810777894693924,-1.8309283675792989,-0.4699993133544922,-0.4699993133544922
2018-06-14,25.15999984741211,25.15999984741211,23.959999084472656,24.57999992370605,24.57999992370605,0.3973834363715736,-2.4603207161216,-0.620000839233402,-0.620000839233402
2018-06-15,24.3799991607666,24.739999771118164,24.25,24.559999465942383,24.559999465942383,-0.2719044300988847,-0.0813688276067869,-0.0200004577636683,-0.020000457763668322
2018-06-18,24.57999992370605,25.040000915527344,24.56999969482422,25.01000022888184,25.01000022888184,-0.3122416030675998,1.8322507032765945,0.4500007629394567,0.4500007629394567
2018-06-19,24.739999771118164,25.40999984741211,24.549999237060547,25.13999938964844,25.13999938964844,-0.5336041376520123,0.5197887228184817,0.1299991607666015,0.12999916076660156
2018-06-20,25.25,26.76000022888184,24.959999084472656,26.65999984741211,26.65999984741211,1.4632967457608963,6.046143574647567,1.5200004577636683,1.5200004577636683
2018-06-21,26.690000534057617,26.920000076293945,26.100000381469727,26.15999984741211,26.15999984741211,-0.1248915976066336,-1.8754688779510031,-0.5,-0.5
2018-06-22,26.36000061035156,26.43000030517578,25.13999938964844,25.63999938964844,25.63999938964844,0.2118605502436851,-1.9877693455533807,-0.5200004577636683,-0.5200004577636683
2018-06-25,25.450000762939453,25.790000915527344,25.14999961853028,25.299999237060547,25.299999237060547,-0.1632611036012651,-1.3260536688045388,-0.3400001525878942,-0.3400001525878942
2018-06-26,25.5,25.82999992370605,25.26000022888184,25.81999969482422,25.81999969482422,-0.270217858406813,2.055337839702198,0.5200004577636719,0.5200004577636719
2018-06-27,25.82999992370605,26.13999938964844,25.25,25.26000022888184,25.26000022888184,-0.2563036419472213,-2.16885930503955,-0.5599994659423793,-0.5599994659423793
2018-06-28,25.200000762939453,25.3700008392334,24.43000030517578,24.809999465942383,24.809999465942383,-0.2294590425150799,-1.7814756882897131,-0.4500007629394567,-0.4500007629394567
2018-06-29,25.01000022888184,25.32999992370605,24.31999969482422,24.350000381469727,24.350000381469727,-0.4308638120766437,-1.85408744205785,-0.4599990844726562,-0.45999908447265625
2018-07-02,24.14999961853028,24.459999084472656,23.920000076293945,24.049999237060547,24.049999237060547,-0.640982535380578,-1.232037534740571,-0.3000011444091797,-0.3000011444091797
2018-07-03,24.270000457763672,24.780000686645508,24.1200008392334,24.63999938964844,24.63999938964844,-0.7619940542867235,2.45322316550729,0.5900001525878942,0.5900001525878942
2018-07-05,24.81999969482422,25.489999771118164,24.3799991607666,25.46999931335449,25.46999931335449,-0.1244699546836157,3.368506267312421,0.8299999237060476,0.8299999237060476
2018-07-06,25.299999237060547,26.170000076293945,25.229999542236328,25.729999542236328,25.729999542236328,-0.2842726225074106,1.0208097208134426,0.2600002288818395,0.2600002288818395
2018-07-09,25.8700008392334,26.65999984741211,25.530000686645508,26.40999984741211,26.40999984741211,-0.2987490295310261,2.6428306151329077,0.6800003051757812,0.6800003051757812
2018-07-10,26.530000686645508,26.739999771118164,26.11000061035156,26.39999961853028,26.39999961853028,-0.40514359377255,-0.037865312153007,-0.0100002288818323,-0.010000228881828832
2018-07-11,26.200000762939453,26.200000762939453,24.940000534057617,25.13999938964844,25.13999938964844,0.3997727462686752,-4.772728208667987,-1.260000228881836,-1.2600002288818395
2018-07-12,25.15999984741211,26.100000381469727,25.15999984741211,25.780000686645508,25.780000686645508,-0.1965708945196815,2.5457490554299467,0.6400012969970668,0.6400012969970668
2018-07-13,25.90999984741211,26.38999938964844,25.88999938964844,26.18000030517578,26.18000030517578,-0.3775962561353787,1.5515888591014717,0.3999996185302734,0.39999961853027344
2018-07-16,26.14999961853028,26.14999961853028,25.170000076293945,25.459999084472656,25.459999084472656,-0.3022627205561755,-2.750195616158113,-0.720001220703125,-0.720001220703125
2018-07-17,25.40999984741211,25.959999084472656,25.290000915527344,25.709999084472656,25.709999084472656,-0.4813204151977891,0.98193247835765,0.25,0.25
2018-07-18,25.729999542236328,25.84000015258789,25.36000061035156,25.739999771118164,25.739999771118164,-0.6217275085627593,0.1166887892408707,0.0300006866455078,0.030000686645507812
2018-07-19,25.76000022888184,26.39999961853028,25.46999931335449,26.299999237060547,26.299999237060547,-0.4697955086352991,2.1756001201318487,0.5599994659423828,0.5599994659423828
2018-07-20,26.229999542236328,26.26000022888184,25.39999961853028,25.56999969482422,25.56999969482422,-0.3381023690126994,-2.775663739212786,-0.7299995422363281,-0.7299995422363281
2018-07-23,25.600000381469727,25.86000061035156,25.270000457763672,25.68000030517578,25.68000030517578,-0.6657189201976298,0.4301940229347378,0.1100006103515625,0.1100006103515625
2018-07-24,25.8700008392334,26.049999237060547,24.90999984741211,25.170000076293945,25.170000076293945,-0.2422488778466237,-1.985982176094625,-0.5100002288818359,-0.5100002288818359
2018-07-25,25.21999931335449,25.299999237060547,24.530000686645508,24.950000762939453,24.950000762939453,-0.4980455844775003,-0.8740536856878922,-0.2199993133544922,-0.2199993133544922
2018-07-26,25.06999969482422,25.309999465942383,24.190000534057617,24.46999931335449,24.46999931335449,-0.1323406225799504,-1.9238534465215509,-0.4800014495849645,-0.4800014495849645
2018-07-27,24.540000915527344,24.64999961853028,23.59000015258789,23.86000061035156,23.86000061035156,-0.2548981655371616,-2.492843155373625,-0.6099987030029297,-0.6099987030029297
2018-07-30,23.84000015258789,24.68000030517578,23.71999931335449,24.3700008392334,24.3700008392334,0.3796744336048206,2.1374694712311904,0.5100002288818395,0.5100002288818395
2018-08-01,19.5,20.06999969482422,18.68000030517578,19.190000534057617,19.190000534057617,2.576152967246216,-21.25564270328818,-5.180000305175781,-5.180000305175781
2018-08-02,18.780000686645508,19.420000076293945,18.61000061035156,19.200000762939453,19.200000762939453,1.0356102741797113,0.0521116654691455,0.0100002288818359,0.010000228881835938
2018-08-03,19.13999938964844,19.61000061035156,18.920000076293945,19.489999771118164,19.489999771118164,1.850786592014373,1.510411440912418,0.2899990081787109,0.28999900817871094
2018-08-06,19.38999938964844,19.479999542236328,18.979999542236328,19.01000022888184,19.01000022888184,0.4003349368326991,-2.462799116845682,-0.4799995422363246,-0.4799995422363246
2018-08-07,19.01000022888184,19.32999992370605,18.850000381469727,19.290000915527344,19.290000915527344,0.6108753030596513,1.4729125895543094,0.2800006866455042,0.28000068664550426
2018-08-08,19.239999771118164,19.57999992370605,19.01000022888184,19.020000457763672,19.020000457763672,0.065128813033446,-1.3996912646403126,-0.2700004577636719,-0.2700004577636719
2018-08-09,19.100000381469727,19.57999992370605,19.06999969482422,19.309999465942383,19.309999465942383,0.0055366132469121,1.52470557938571,0.2899990081787109,0.28999900817871094
2018-08-10,19.100000381469727,19.36000061035156,18.86000061035156,18.979999542236328,18.979999542236328,0.4347691088791632,-1.708958740719213,-0.3299999237060547,-0.3299999237060547
2018-08-13,18.86000061035156,18.89999961853028,17.530000686645508,17.690000534057617,17.690000534057617,1.9197954837483069,-6.796622967814447,-1.289999008178711,-1.289999008178711
2018-08-14,17.799999237060547,18.309999465942383,17.649999618530273,18.209999084472656,18.209999084472656,0.8831160836882271,2.9395055665143444,0.5199985504150391,0.5199985504150391
2018-08-15,18.040000915527344,18.14999961853028,17.5,18.14999961853028,18.14999961853028,0.713334533353008,-0.329486375392185,-0.0599994659423792,-0.05999946594237571
2018-08-16,18.239999771118164,18.26000022888184,17.260000228881836,17.309999465942383,17.309999465942383,1.5457982110314044,-4.628100111529998,-0.8400001525878942,-0.8400001525878977
2018-08-17,17.290000915527344,17.3799991607666,16.899999618530273,17.110000610351562,17.110000610351562,0.5415853160437051,-1.155394926408404,-0.1999988555908203,-0.1999988555908203
2018-08-20,17.100000381469727,17.399999618530273,17.030000686645508,17.350000381469727,17.350000381469727,-0.0099236272637451,1.4026870985204054,0.239999771118164,0.23999977111816406
2018-08-21,17.399999618530273,17.5,17.059999465942383,17.389999389648438,17.389999389648438,0.8833971789702391,0.2305418288141902,0.0399990081787109,0.03999900817871094
2018-08-22,17.479999542236328,17.889999389648438,17.170000076293945,17.239999771118164,17.239999771118164,0.9396162353726296,-0.8625625290105687,-0.1499996185302734,-0.14999961853027344
2018-08-23,17.329999923706055,17.739999771118164,17.31999969482422,17.350000381469727,17.350000381469727,0.0919734124655874,0.6380545928767578,0.1100006103515625,0.1100006103515625
2018-08-24,17.3700008392334,17.520000457763672,17.219999313354492,17.329999923706055,17.329999923706055,0.1221911552818723,-0.1152764110889159,-0.0200004577636718,-0.020000457763671875
2018-08-27,17.3700008392334,17.459999084472656,17.030000686645508,17.280000686645508,17.280000686645508,0.1529710886621811,-0.2885126213540978,-0.0499992370605468,-0.049999237060546875
2018-08-28,17.31999969482422,17.600000381469727,17.110000610351562,17.40999984741211,17.40999984741211,0.2811505372596313,0.7523099282459533,0.1299991607666015,0.12999916076660156
2018-08-29,17.31999969482422,18.010000228881836,17.170000076293945,17.989999771118164,17.989999771118164,0.3765823855026891,3.331418315849488,0.5799999237060547,0.5799999237060547
2018-08-30,18.0,18.36000061035156,17.540000915527344,17.549999237060547,17.549999237060547,0.0177642580144321,-2.4458062237666667,-0.4400005340576172,-0.4400005340576172
2018-08-31,17.559999465942383,17.829999923706055,17.3700008392334,17.43000030517578,17.43000030517578,0.0663937418024998,-0.6837546273584016,-0.1199989318847656,-0.11999893188476562
2018-09-04,17.440000534057617,17.690000534057617,17.229999542236328,17.65999984741211,17.65999984741211,-0.2385946391804683,1.3195613207650505,0.2299995422363281,0.22999954223632812
2018-09-05,17.6200008392334,17.850000381469727,17.520000457763672,17.690000534057617,17.690000534057617,-0.5659300950833868,0.169879314296284,0.0300006866455078,0.030000686645507812
2018-09-06,17.709999084472656,17.729999542236328,17.200000762939453,17.600000381469727,17.600000381469727,0.4097516287800995,-0.5087628596427529,-0.0900001525878906,-0.09000015258789062
2018-09-07,17.520000457763672,17.860000610351562,16.780000686645508,16.799999237060547,16.799999237060547,-0.0040206263414942,-4.545460949259217,-0.8000011444091797,-0.8000011444091797
2018-09-10,16.979999542236328,17.170000076293945,16.709999084472656,17.139999389648438,17.139999389648438,-0.0128751277248706,2.02381052397822,0.3400001525878906,0.3400001525878906
2018-09-11,17.309999465942383,17.65999984741211,17.09000015258789,17.450000762939453,17.450000762939453,-0.0238378437233368,1.808642849067077,0.3100013732910156,0.3100013732910156
2018-09-12,17.520000457763672,18.170000076293945,17.520000457763672,17.719999313354492,17.719999313354492,0.2911294197710556,1.5472695622367194,0.269998550415039,0.26999855041503906
2018-09-13,17.690000534057617,17.690000534057617,17.190000534057617,17.40999984741211,17.40999984741211,-0.2494168075379285,-1.74943271983512,-0.3099994659423828,-0.3099994659423828
2018-09-14,17.40999984741211,17.59000015258789,17.149999618530273,17.229999542236328,17.229999542236328,-0.3749258509562652,-1.0338903317252846,-0.1800003051757812,-0.18000030517578125
2018-09-17,17.389999389648438,17.790000915527344,17.360000610351562,17.600000381469727,17.600000381469727,0.0814323393901392,2.14742222323574,0.3700008392333984,0.37000083923339844
2018-09-18,17.549999237060547,17.989999771118164,17.40999984741211,17.549999237060547,17.549999237060547,0.2075035733724998,-0.2840974052581435,-0.0500011444091796,-0.05000114440917969
2018-09-19,17.549999237060547,18.15999984741211,17.549999237060547,17.670000076293945,17.670000076293945,-0.3723959934181576,0.6837654954422456,0.1200008392333984,0.12000083923339844
2018-09-20,17.770000457763672,17.84000015258789,17.399999618530273,17.690000534057617,17.690000534057617,-0.4009271645423708,0.1131887814222798,0.0200004577636718,0.020000457763671875
2018-09-21,17.700000762939453,17.829999923706055,17.59000015258789,17.739999771118164,17.739999771118164,-0.2988895771720321,0.2826412411027768,0.0499992370605468,0.049999237060546875
2018-09-24,17.75,17.889999389648438,17.299999237060547,17.31999969482422,17.31999969482422,-0.1808295587270121,-2.3675314639954648,-0.4200000762939453,-0.4200000762939453
2018-09-25,17.31999969482422,17.43000030517578,16.56999969482422,16.959999084472656,16.959999084472656,0.7200808201212948,-2.0785255005468795,-0.3600006103515625,-0.3600006103515625
2018-09-26,17.110000610351562,17.34000015258789,16.649999618530273,16.700000762939453,16.700000762939453,0.1486141117909958,-1.5330090540584873,-0.2599983215332031,-0.2599983215332031
2018-09-27,16.709999084472656,16.799999237060547,15.68000030517578,15.739999771118164,15.739999771118164,1.3092565312183468,-5.74850867044101,-0.9600009918212892,-0.9600009918212891
2018-09-28,15.729999542236328,15.890000343322754,15.359999656677246,15.489999771118164,15.489999771118164,0.5346984816344122,-1.5883100612157142,-0.25,-0.25
2018-10-01,15.539999961853027,15.789999961853027,15.460000038146973,15.479999542236328,15.479999542236328,0.242218840700976,-0.0645592577766307,-0.0100002288818359,-0.010000228881835938
2018-10-02,15.279999732971191,15.289999961853027,13.8100004196167,14.109999656677246,14.109999656677246,3.213817614490329,-8.85012872139378,-1.369999885559082,-1.369999885559082
2018-10-03,14.25,14.720000267028809,14.020000457763672,14.640000343322754,14.640000343322754,0.8950626331737351,3.756206233461512,0.5300006866455078,0.5300006866455078
2018-10-04,14.649999618530272,14.710000038146973,14.09000015258789,14.3100004196167,14.3100004196167,0.32415811540746,-2.2540977866613687,-0.3299999237060547,-0.3299999237060547
2018-10-05,14.279999732971191,14.5,13.699999809265137,13.920000076293944,13.920000076293944,0.147489730662948,-2.725369195574079,-0.3900003433227557,-0.3900003433227557
2018-10-08,13.84000015258789,13.920000076293944,13.529999732971191,13.81999969482422,13.81999969482422,0.1577497084563843,-0.718393541103679,-0.100000381469723,-0.10000038146972301
2018-10-09,13.770000457763672,14.239999771118164,13.649999618530272,13.720000267028809,13.720000267028809,0.1732099489670417,-0.723584877016048,-0.0999994277954119,-0.09999942779541193
2018-10-10,13.6899995803833,14.0600004196167,13.420000076293944,13.880000114440918,13.880000114440918,0.4488238729797609,1.16617962316381,0.1599998474121093,0.15999984741210938
2018-10-11,13.720000267028809,14.359999656677246,13.56999969482422,13.710000038146973,13.710000038146973,0.2848047759257867,-1.2247844012412856,-0.1700000762939453,-0.1700000762939453
2018-10-12,13.989999771118164,14.06999969482422,13.0,13.220000267028809,13.220000267028809,0.737087084683018,-3.574031872755501,-0.489999771118164,-0.48999977111816406
2018-10-15,13.220000267028809,13.479999542236328,13.100000381469728,13.140000343322754,13.140000343322754,-0.0204647003391934,-0.6051431323006673,-0.0799999237060546,-0.07999992370605469
2018-10-16,13.260000228881836,13.699999809265137,12.93000030517578,13.420000076293944,13.420000076293944,0.094503270003695,2.130895933450061,0.2799997329711896,0.27999973297118963
2018-10-17,13.390000343322754,13.5,12.869999885559082,12.920000076293944,12.920000076293944,0.2680796066460756,-3.7257823931255873,-0.5,-0.5
2018-10-18,12.93000030517578,13.010000228881836,12.600000381469728,12.640000343322754,12.640000343322754,0.3442564280713146,-2.16718058295482,-0.2799997329711896,-0.27999973297118963
2018-10-19,12.670000076293944,12.9399995803833,12.1899995803833,12.31999969482422,12.31999969482422,0.5858578229605876,-2.53165063138292,-0.3200006484985334,-0.3200006484985334
2018-10-22,12.380000114440918,12.609999656677246,12.0600004196167,12.229999542236328,12.229999542236328,-0.2460436641537851,-0.7305207371531175,-0.0900001525878924,-0.0900001525878924
2018-10-23,12.149999618530272,12.600000381469728,12.079999923706056,12.550000190734863,12.550000190734863,0.0423600951904779,2.6165221625185757,0.3200006484985351,0.32000064849853516
2018-10-24,12.579999923706056,13.149999618530272,12.539999961853027,12.56999969482422,12.56999969482422,0.6052533974194123,0.159358595899639,0.0199995040893572,0.019999504089357245
2018-10-25,12.65999984741211,12.9399995803833,12.390000343322754,12.770000457763672,12.770000457763672,-0.0385953460289643,1.591096004734216,0.2000007629394513,0.20000076293945135
2018-10-26,12.600000381469728,12.979999542236328,12.420000076293944,12.640000343322754,12.640000343322754,-0.0380331554649404,-1.0180118228725887,-0.1300001144409179,-0.13000011444091797
2018-10-29,12.75,12.989999771118164,12.140000343322754,12.329999923706056,12.329999923706056,1.3480476801359962,-2.4525348987071816,-0.3100004196166974,-0.31000041961669744
2018-10-30,10.779999732971191,12.229999542236328,9.949999809265137,11.539999961853027,11.539999961853027,4.632364955163646,-6.407136794333224,-0.7899999618530291,-0.7899999618530291
2018-10-31,11.510000228881836,12.109999656677246,11.0600004196167,11.960000038146973,11.960000038146973,2.7414369930692435,3.639515404526095,0.4200000762939453,0.4200000762939453
2018-11-01,11.899999618530272,13.050000190734863,11.68000030517578,12.510000228881836,12.510000228881836,3.172074965111554,4.59866378746332,0.5500001907348633,0.5500001907348633
2018-11-02,12.619999885559082,12.84000015258789,11.859999656677246,12.56999969482422,12.56999969482422,1.1817798208259265,0.4796120291338024,0.0599994659423845,0.05999946594238459
2018-11-05,12.59000015258789,12.729999542236328,11.760000228881836,12.210000038146973,12.210000038146973,0.38318812462997,-2.86395915208717,-0.3599996566772478,-0.35999965667724787
2018-11-06,12.199999809265137,12.550000190734863,12.079999923706056,12.420000076293944,12.420000076293944,0.242218840700976,1.7199020269523355,0.2100000381469708,0.21000003814697088
2018-11-07,12.460000038146973,12.65999984741211,11.859999656677246,12.34000015258789,12.34000015258789,0.3888100302702091,-0.6441217650130948,-0.0799999237060529,-0.07999992370605291
2018-11-08,12.170000076293944,12.489999771118164,11.93000030517578,12.15999984741211,12.15999984741211,0.7140372715580379,-1.4586734436792703,-0.1800003051757812,-0.18000030517578125
2018-11-09,12.079999923706056,12.239999771118164,11.649999618530272,11.68000030517578,11.68000030517578,0.1584524466614142,-3.947364706081669,-0.4799995422363299,-0.4799995422363299
2018-11-12,11.65999984741211,11.989999771118164,11.510000228881836,11.720000267028809,11.720000267028809,0.0575392404191233,0.3424654178759256,0.0399999618530291,0.03999996185302912
2018-11-13,11.739999771118164,12.84000015258789,11.739999771118164,12.31999969482422,12.31999969482422,1.5577447605169124,5.119448925981307,0.5999994277954119,0.5999994277954119
2018-11-14,12.380000114440918,12.699999809265137,12.229999542236328,12.289999961853027,12.289999961853027,0.2894428480789839,-0.2435043320966667,-0.0299997329711931,-0.029999732971193183
2018-11-15,12.15999984741211,12.729999542236328,11.59000015258789,12.670000076293944,12.670000076293944,0.7147400097630677,3.0919456112318944,0.3800001144409162,0.3800001144409162
2018-11-16,12.460000038146973,12.670000076293944,12.229999542236328,12.529999732971191,12.529999732971191,0.1287968944091532,-1.1049750787665569,-0.1400003433227521,-0.14000034332275213
2018-11-19,12.520000457763672,12.9399995803833,12.31999969482422,12.369999885559082,12.369999885559082,0.0557121210860456,-1.2769341645801346,-0.1599998474121093,-0.15999984741210938
2018-11-20,12.140000343322754,12.300000190734863,11.869999885559082,12.100000381469728,12.100000381469728,0.0315379268330177,-2.1826960920553806,-0.2699995040893537,-0.2699995040893537
2018-11-21,12.199999809265137,12.520000457763672,12.140000343322754,12.460000038146973,12.460000038146973,-0.199522394980807,2.975203680394567,0.3599996566772443,0.3599996566772443
2018-11-23,12.43000030517578,12.720000267028809,12.390000343322754,12.539999961853027,12.539999961853027,-0.617089436409562,0.64205396036221,0.0799999237060546,0.07999992370605469
2018-11-26,12.670000076293944,12.829999923706056,12.270000457763672,12.609999656677246,12.609999656677246,0.3507216195575895,0.5582112841878706,0.0699996948242187,0.06999969482421875
2018-11-27,12.510000228881836,12.75,12.369999885559082,12.5,12.5,0.8278808607728785,-0.8723208538629845,-0.1099996566772461,-0.1099996566772461
2018-11-28,12.529999732971191,13.199999809265137,12.329999923706056,13.18000030517578,13.18000030517578,0.7611207312950399,5.440002441406233,0.6800003051757795,0.6800003051757795
2018-11-29,13.0600004196167,13.25,12.380000114440918,12.630000114440918,12.630000114440918,1.5353976855969622,-4.172990728375603,-0.5500001907348615,-0.5500001907348615
2018-11-30,12.59000015258789,12.699999809265137,12.260000228881836,12.630000114440918,12.630000114440918,0.2683607019280875,0.0,0.0,0.0
2018-12-03,12.869999885559082,13.119999885559082,12.020000457763672,12.260000228881836,12.260000228881836,1.7739070323841035,-2.929531925625484,-0.369999885559082,-0.36999988555908203
2018-12-04,12.25,12.369999885559082,11.140000343322754,11.18000030517578,11.18000030517578,1.3571832768013845,-8.80913461291637,-1.0799999237060565,-1.0799999237060565
2018-12-06,11.0600004196167,11.100000381469728,10.390000343322754,11.029999732971191,11.029999732971191,0.9332915915273606,-1.3416866557252716,-0.150000572204588,-0.15000057220458807
2018-12-07,10.970000267028809,11.270000457763672,10.630000114440918,10.739999771118164,10.739999771118164,0.2211366945500795,-2.629192827504345,-0.2899999618530273,-0.28999996185302734
2018-12-10,10.789999961853027,10.890000343322754,10.399999618530272,10.710000038146973,10.710000038146973,0.6610508108987848,-0.2793271285895793,-0.0299997329711914,-0.029999732971191406
2018-12-11,10.880000114440918,11.029999732971191,10.350000381469728,10.390000343322754,10.390000343322754,0.1980868814250994,-2.9878589513019693,-0.3199996948242187,-0.31999969482421875
2018-12-12,10.5,10.65999984741211,10.140000343322754,10.239999771118164,10.239999771118164,0.2966107777702887,-1.443701320962798,-0.1500005722045898,-0.15000057220458984
2018-12-13,10.260000228881836,10.5,10.029999732971191,10.15999984741211,10.15999984741211,0.1030766761050596,-0.7812492724042275,-0.0799999237060546,-0.07999992370605469
2018-12-14,10.130000114440918,10.479999542236328,10.06999969482422,10.140000343322754,10.140000343322754,-0.1035283561737253,-0.1968455156468262,-0.0199995040893554,-0.01999950408935547
2018-12-17,10.06999969482422,10.609999656677246,10.06999969482422,10.220000267028809,10.220000267028809,0.1148826779495616,0.7889538559900933,0.0799999237060546,0.07999992370605469
2018-12-18,10.239999771118164,10.619999885559082,10.210000038146973,10.34000015258789,10.34000015258789,0.1928866187078783,1.1741671470031134,0.119999885559082,0.11999988555908203
2018-12-19,10.359999656677246,10.739999771118164,10.220000267028809,10.3100004196167,10.3100004196167,0.3318882356627887,-0.2901328097532296,-0.0299997329711914,-0.029999732971191406
2018-12-20,10.3100004196167,10.81999969482422,10.220000267028809,10.390000343322754,10.390000343322754,0.6108753030596513,0.7759449122217266,0.0799999237060546,0.07999992370605469
2018-12-21,10.460000038146973,10.529999732971191,9.949999809265137,10.020000457763672,10.020000457763672,1.6372947253262948,-3.5611152390083056,-0.369999885559082,-0.36999988555908203
2018-12-24,10.0,10.109999656677246,9.520000457763672,9.779999732971191,9.779999732971191,-0.2225722081057871,-2.39521670487074,-0.2400007247924804,-0.24000072479248047
2018-12-26,9.81999969482422,10.210000038146973,9.619999885559082,10.199999809265137,10.199999809265137,-0.1213779065814842,4.294479424963615,0.4200000762939453,0.4200000762939453
2018-12-27,10.09000015258789,10.119999885559082,9.649999618530272,10.0,10.0,0.5495965315810458,-1.960782480441492,-0.1999998092651367,-0.19999980926513672
2018-12-28,9.979999542236328,10.149999618530272,9.850000381469728,10.029999732971191,10.029999732971191,0.171242281992958,0.2999973297119096,0.0299997329711914,0.029999732971191406
2018-12-31,10.010000228881836,10.079999923706056,9.390000343322754,9.520000457763672,9.520000457763672,1.2942179336307074,-5.084738671836853,-0.5099992752075195,-0.5099992752075195
2019-01-02,9.43000030517578,10.100000381469728,9.350000381469728,9.970000267028809,9.970000267028809,0.4498077064668027,4.726888525495365,0.4499998092651367,0.4499998092651367
2019-01-03,9.529999732971191,9.600000381469728,9.130000114440918,9.399999618530272,9.399999618530272,1.748046266439004,-5.717157805738005,-0.5700006484985369,-0.5700006484985369
2019-01-04,9.5,10.09000015258789,9.31999969482422,10.039999961853027,10.039999961853027,1.359713134339492,6.808514566969981,0.6400003433227557,0.6400003433227557
2019-01-07,9.979999542236328,10.720000267028809,9.899999618530272,10.600000381469728,10.600000381469728,0.0509335012918424,5.57769344366954,0.560000419616701,0.560000419616701
2019-01-08,10.670000076293944,10.920000076293944,10.470000267028809,10.75,10.75,0.0871947926713843,1.4150906899257354,0.1499996185302716,0.14999961853027166
2019-01-09,10.84000015258789,11.06999969482422,10.65999984741211,10.90999984741211,10.90999984741211,0.0966114846187847,1.4883706736010138,0.1599998474121093,0.15999984741210938
2019-01-10,10.75,10.989999771118164,10.619999885559082,10.75,10.75,-0.1716939620616237,-1.4665430765341547,-0.1599998474121093,-0.15999984741210938
2019-01-11,10.760000228881836,10.979999542236328,10.600000381469728,10.960000038146973,10.960000038146973,-0.5019809184256676,1.9534887269485823,0.2100000381469726,0.21000003814697266
2019-01-14,10.869999885559082,11.15999984741211,10.770000457763672,11.0600004196167,11.0600004196167,-0.5388044003692334,0.9124122365115728,0.1000003814697265,0.10000038146972656
2019-01-15,10.920000076293944,11.220000267028809,10.649999618530272,11.199999809265137,11.199999809265137,-0.0017718640853985,1.265817218235599,0.1399993896484375,0.1399993896484375
2019-01-16,11.229999542236328,11.479999542236328,11.050000190734863,11.18000030517578,11.18000030517578,-0.2768235975340938,-0.1785670038388143,-0.0199995040893572,-0.019999504089357245
2019-01-17,11.0600004196167,11.399999618530272,11.020000457763672,11.329999923706056,11.329999923706056,-0.2044415624160161,1.3416781255438217,0.149999618530277,0.149999618530277
2019-01-18,11.43000030517578,11.59000015258789,11.260000228881836,11.539999961853027,11.539999961853027,-0.4520865058685461,1.8534866686766849,0.2100000381469708,0.21000003814697088
2019-01-22,11.489999771118164,11.630000114440918,11.199999809265137,11.260000228881836,11.260000228881836,-0.3278423912192632,-2.4263408483255366,-0.2799997329711914,-0.2799997329711914
2019-01-23,11.300000190734863,11.489999771118164,11.119999885559082,11.270000457763672,11.270000457763672,-0.4872234161200401,0.0888119776071283,0.0100002288818359,0.010000228881835938
2019-01-24,11.279999732971191,11.539999961853027,11.279999732971191,11.529999732971191,11.529999732971191,-0.5264362079607074,2.307003235553662,0.2599992752075195,0.25999927520751953
2019-01-25,11.640000343322754,11.960000038146973,11.619999885559082,11.6899995803833,11.6899995803833,0.2162175271148703,1.3876830105604698,0.1599998474121093,0.15999984741210938
2019-01-28,11.5,11.880000114440918,11.43000030517578,11.739999771118164,11.739999771118164,-0.3326210110134664,0.4277176435383945,0.0500001907348632,0.05000019073486328
2019-01-29,11.65999984741211,11.760000228881836,11.489999771118164,11.630000114440918,11.630000114440918,-0.4338153125377692,-0.936964725909606,-0.1099996566772461,-0.1099996566772461
2019-01-30,11.670000076293944,11.960000038146973,11.5,11.829999923706056,11.829999923706056,-0.2177935883115839,1.7196887987713794,0.1999998092651385,0.1999998092651385
2019-01-31,11.789999961853027,12.140000343322754,11.670000076293944,12.020000457763672,12.020000457763672,0.4323797989820617,1.6060907462634333,0.1900005340576154,0.1900005340576154
2019-02-01,12.029999732971191,12.079999923706056,11.579999923706056,11.68000030517578,11.68000030517578,-0.0505418955144723,-2.8286201301122915,-0.3400001525878924,-0.3400001525878924
2019-02-04,11.68000030517578,11.8100004196167,11.56999969482422,11.640000343322754,11.640000343322754,-0.5628380469812553,-0.3424654178758923,-0.0399999618530255,-0.03999996185302557
2019-02-05,11.68000030517578,11.800000190734863,11.4399995803833,11.600000381469728,11.600000381469728,-0.4429509092031576,-0.34364227382494,-0.0399999618530255,-0.03999996185302557
2019-02-06,11.619999885559082,11.720000267028809,11.460000038146973,11.649999618530272,11.649999618530272,-0.1954465133916336,0.4310278915198529,0.0499992370605433,0.04999923706054332
2019-02-07,11.5600004196167,11.579999923706056,11.220000267028809,11.329999923706056,11.329999923706056,0.4287255603159063,-2.7467785862862137,-0.3199996948242152,-0.3199996948242152
2019-02-08,11.279999732971191,11.460000038146973,11.119999885559082,11.140000343322754,11.140000343322754,-0.04014137008003,-1.6769601205888884,-0.1899995803833025,-0.18999958038330256
2019-02-11,11.119999885559082,11.18000030517578,10.729999542236328,10.729999542236328,10.729999542236328,-0.0823056623818229,-3.680437957366656,-0.4100008010864258,-0.4100008010864258
2019-02-12,10.779999732971191,11.050000190734863,10.760000228881836,10.970000267028809,10.970000267028809,-0.299592315377062,2.23672632834484,0.2400007247924804,0.24000072479248047
2019-02-13,11.010000228881836,11.289999961853027,11.010000228881836,11.170000076293944,11.170000076293944,-0.4220093106932672,1.8231522734438728,0.1999998092651349,0.19999980926513494
2019-02-14,11.109999656677246,11.34000015258789,11.0600004196167,11.229999542236328,11.229999542236328,-0.3189878898358867,0.5371483037831082,0.0599994659423845,0.05999946594238459
2019-02-15,11.350000381469728,11.899999618530272,11.300000190734863,11.720000267028809,11.720000267028809,0.1660420192757369,4.363319187588344,0.4900007247924804,0.49000072479248047
2019-02-19,11.729999542236328,11.869999885559082,11.529999732971191,11.539999961853027,11.539999961853027,-0.2981868389670022,-1.5358387463707324,-0.1800003051757812,-0.18000030517578125
2019-02-20,11.5600004196167,11.720000267028809,11.539999961853027,11.56999969482422,11.56999969482422,-0.4444969332542234,0.2599630248731444,0.0299997329711931,0.029999732971193183
2019-02-21,11.5600004196167,11.8100004196167,11.449999809265137,11.539999961853027,11.539999961853027,-0.1646665800113249,-0.2592889694250644,-0.0299997329711931,-0.029999732971193183
2019-02-22,11.5600004196167,11.850000381469728,11.5600004196167,11.729999542236328,11.729999542236328,-0.4142791904379385,1.6464435096305907,0.1899995803833007,0.18999958038330078
2019-02-25,11.899999618530272,12.539999961853027,11.800000190734863,12.460000038146973,12.460000038146973,1.0749636136613845,6.223363379360114,0.7300004959106445,0.7300004959106445
2019-02-26,12.329999923706056,12.390000343322754,12.06999969482422,12.199999809265137,12.199999809265137,0.1549387556362648,-2.0866791981206334,-0.2600002288818359,-0.26000022888183594
2019-02-27,12.25,12.59000015258789,11.93000030517578,12.0,12.0,-0.1413356716043328,-1.639342724524051,-0.1999998092651367,-0.19999980926513672
2019-02-28,11.970000267028809,12.050000190734863,11.670000076293944,11.8100004196167,11.8100004196167,-0.4321287408456974,-1.5833298365275028,-0.1899995803833007,-0.18999958038330078
2019-03-01,11.920000076293944,12.140000343322754,11.600000381469728,11.729999542236328,11.729999542236328,-0.2572874754342631,-0.677399445706095,-0.0800008773803711,-0.0800008773803711
2019-03-04,11.789999961853027,11.8100004196167,11.31999969482422,11.5600004196167,11.5600004196167,0.5303415047632271,-1.449267939078014,-0.1699991226196289,-0.1699991226196289
2019-03-05,11.550000190734863,11.550000190734863,11.1899995803833,11.210000038146973,11.210000038146973,0.1463653495349002,-3.027684850908785,-0.3500003814697265,-0.35000038146972656
2019-03-06,11.210000038146973,11.4399995803833,11.100000381469728,11.399999618530272,11.399999618530272,-0.1556715309869424,1.6949115052340868,0.189999580383299,0.189999580383299
2019-03-07,11.369999885559082,11.550000190734863,11.149999618530272,11.170000076293944,11.170000076293944,-0.2460436641537851,-2.0175399116897585,-0.2299995422363281,-0.22999954223632812
2019-03-08,11.0600004196167,11.3100004196167,11.0,11.199999809265137,11.199999809265137,-0.5605892847251597,0.2685741518915652,0.0299997329711931,0.029999732971193183
2019-03-11,11.229999542236328,11.449999809265137,11.170000076293944,11.4399995803833,11.4399995803833,-0.3165985799387851,2.142855135761934,0.239999771118164,0.23999977111816406
2019-03-12,11.5,12.18000030517578,10.899999618530272,11.079999923706056,11.079999923706056,1.83307758924762,-3.1468502612058917,-0.3599996566772443,-0.3599996566772443
2019-03-13,11.100000381469728,11.449999809265137,10.920000076293944,10.93000030517578,10.93000030517578,0.4874744742564043,-1.3537871801726942,-0.149999618530277,-0.149999618530277
2019-03-14,10.9399995803833,11.0,10.18000030517578,10.25,10.25,1.3987853785391535,-6.221411584533742,-0.6800003051757795,-0.6800003051757795
2019-03-15,10.25,10.350000381469728,9.9399995803833,10.170000076293944,10.170000076293944,2.449238447417819,-0.7804870605468972,-0.0799999237060564,-0.07999992370605646
2019-03-19,9.989999771118164,10.210000038146973,9.649999618530272,9.699999809265137,9.699999809265137,3.497302206399383,-4.621438185869509,-0.4700002670288068,-0.4700002670288068
2019-03-20,9.859999656677246,10.25,9.729999542236328,10.0,10.0,2.754789018964811,3.0927855323080733,0.3000001907348633,0.3000001907348633
2019-03-21,9.90999984741211,10.619999885559082,9.90999984741211,10.609999656677246,10.609999656677246,1.137085670986026,6.09999656677247,0.6099996566772461,0.6099996566772461
2019-03-22,10.619999885559082,10.760000228881836,10.270000457763672,10.399999618530272,10.399999618530272,0.6877548626899203,-1.9792652680701408,-0.2100000381469744,-0.21000003814697443
2019-03-25,10.350000381469728,10.479999542236328,10.15999984741211,10.300000190734863,10.300000190734863,0.4926747369736254,-0.9615329948400532,-0.0999994277954083,-0.09999942779540838
2019-03-26,10.40999984741211,10.630000114440918,10.15999984741211,10.260000228881836,10.260000228881836,0.3051841838716533,-0.3883491370127223,-0.0399999618530273,-0.039999961853027344
2019-03-27,10.289999961853027,10.6899995803833,10.229999542236328,10.479999542236328,10.479999542236328,0.2675174160820517,2.1442427723850965,0.2199993133544922,0.2199993133544922
2019-03-28,10.5600004196167,10.6899995803833,10.130000114440918,10.1899995803833,10.1899995803833,0.6003342299842032,-2.7671753293907475,-0.2899999618530273,-0.28999996185302734
2019-03-29,10.220000267028809,10.25,10.050000190734863,10.100000381469728,10.100000381469728,0.5153029071755876,-0.8832110168760843,-0.0899991989135724,-0.08999919891357244
2019-04-01,10.199999809265137,10.34000015258789,10.0,10.289999961853027,10.289999961853027,0.2318183152665337,1.8811838931401148,0.189999580383299,0.189999580383299
2019-04-02,10.270000457763672,10.460000038146973,10.149999618530272,10.149999618530272,10.149999618530272,-0.0176537475190738,-1.3605475592008087,-0.1400003433227556,-0.14000034332275568
2019-04-03,10.25,10.399999618530272,10.1899995803833,10.279999732971191,10.279999732971191,-0.3063386021453488,1.2807893529728442,0.1300001144409197,0.13000011444091975
2019-04-04,10.260000228881836,10.739999771118164,10.260000228881836,10.649999618530272,10.649999618530272,0.1962597620920217,3.5992207701365464,0.3699998855590802,0.36999988555908025
2019-04-05,10.68000030517578,10.899999618530272,10.4399995803833,10.859999656677246,10.859999656677246,-0.1562337215509663,1.971831414731584,0.2100000381469744,0.21000003814697443
2019-04-08,10.8100004196167,10.899999618530272,10.670000076293944,10.770000457763672,10.770000457763672,-0.0002258400343328,-0.8287219314803473,-0.0899991989135742,-0.08999919891357422
2019-04-09,10.729999542236328,10.979999542236328,10.630000114440918,10.710000038146973,10.710000038146973,-0.1157560009412452,-0.557106936550289,-0.0600004196166992,-0.06000041961669922
2019-04-10,10.720000267028809,10.84000015258789,10.550000190734863,10.75,10.75,0.0268998546798205,0.3734823689127475,0.0399999618530273,0.039999961853027344
2019-04-11,10.739999771118164,11.039999961853027,10.630000114440918,10.850000381469728,10.850000381469728,-0.2913000045577094,0.930236106695137,0.1000003814697283,0.10000038146972834
2019-04-12,10.90999984741211,11.18000030517578,10.789999961853027,10.960000038146973,10.960000038146973,-0.1574986503200201,1.0138216848831538,0.1099996566772443,0.10999965667724432
2019-04-15,10.949999809265137,11.529999732971191,10.800000190734863,11.270000457763672,11.270000457763672,1.3940067587449505,2.828470972059516,0.3100004196166992,0.3100004196166992
2019-04-16,11.31999969482422,11.43000030517578,10.949999809265137,11.039999961853027,11.039999961853027,1.403704545974363,-2.040820643908692,-0.2300004959106445,-0.23000049591064453
2019-04-17,11.119999885559082,11.619999885559082,11.029999732971191,11.479999542236328,11.479999542236328,0.8987168718398905,3.9855034592722,0.4399995803833008,0.4399995803833008
2019-04-18,12.199999809265137,12.369999885559082,11.600000381469728,12.229999542236328,12.229999542236328,5.387808525570768,6.533101305802824,0.75,0.75
2019-04-22,12.300000190734863,12.5,12.149999618530272,12.270000457763672,12.270000457763672,1.8278773265303985,0.3270720934142268,0.0400009155273437,0.04000091552734375
2019-04-23,12.239999771118164,13.140000343322754,12.229999542236328,12.609999656677246,12.609999656677246,2.572779823862072,2.7709795128690877,0.3399991989135742,0.3399991989135742
2019-04-24,12.609999656677246,12.850000381469728,12.420000076293944,12.720000267028809,12.720000267028809,0.5987882059331374,0.8723284167047041,0.1100006103515625,0.1100006103515625
2019-04-25,12.720000267028809,12.970000267028809,12.359999656677246,12.779999732971191,12.779999732971191,0.6351900449536853,0.4716939047391788,0.0599994659423828,0.05999946594238281
2019-04-26,12.760000228881836,13.170000076293944,12.68000030517578,13.109999656677246,13.109999656677246,1.1443941483183369,2.5821590813862594,0.3299999237060547,0.3299999237060547
2019-04-29,13.079999923706056,13.149999618530272,12.670000076293944,13.079999923706056,13.079999923706056,1.5973791952805976,-0.2288309211046391,-0.0299997329711896,-0.02999973297118963
2019-04-30,12.699999809265137,13.800000190734863,12.350000381469728,13.220000267028809,13.220000267028809,3.992310998022431,1.0703390224721332,0.1400003433227521,0.14000034332275213
2019-05-01,13.890000343322754,14.4399995803833,13.1899995803833,13.329999923706056,13.329999923706056,4.171087597382033,0.8320700034446293,0.1099996566772478,0.10999965667724787
2019-05-02,13.289999961853027,13.550000190734863,12.920000076293944,13.279999732971191,13.279999732971191,1.4190242388440142,-0.3750952064594193,-0.050000190734865,-0.05000019073486506
2019-05-03,13.25,13.4399995803833,13.0600004196167,13.270000457763672,13.270000457763672,0.4231036546756672,-0.0752957485585903,-0.0099992752075195,-0.009999275207519531
2019-05-06,12.84000015258789,13.1899995803833,12.630000114440918,12.84000015258789,12.84000015258789,1.1646330086231973,-3.240394049302442,-0.4300003051757812,-0.43000030517578125
2019-05-07,12.6899995803833,12.829999923706056,12.229999542236328,12.34000015258789,12.34000015258789,1.577421430257749,-3.894080950608292,-0.5,-0.5
2019-05-08,12.34000015258789,12.59000015258789,12.1899995803833,12.329999923706056,12.329999923706056,1.014247032746803,-0.0810391309414737,-0.0100002288818341,-0.010000228881834161
2019-05-09,12.210000038146973,12.489999771118164,11.989999771118164,12.479999542236328,12.479999542236328,-0.0602396827438846,1.2165419258590493,0.1499996185302716,0.14999961853027166
2019-05-10,12.390000343322754,12.4399995803833,11.630000114440918,11.729999542236328,11.729999542236328,1.524434969598496,-6.00961560504677,-0.75,-0.75
2019-05-13,11.5,11.520000457763672,10.880000114440918,11.119999885559082,11.119999885559082,1.5968170047165735,-5.2003382820332895,-0.6099996566772461,-0.6099996566772461
2019-05-14,11.15999984741211,11.8100004196167,11.039999961853027,11.550000190734863,11.550000190734863,0.5985071106511255,3.866909259002771,0.4300003051757812,0.43000030517578125
2019-05-15,11.460000038146973,11.579999923706056,11.279999732971191,11.43000030517578,11.43000030517578,0.0104557806821213,-1.0389600309733793,-0.1199998855590838,-0.11999988555908381
2019-05-16,11.43000030517578,11.760000228881836,11.420000076293944,11.449999809265137,11.449999809265137,-0.3168796752207971,0.174973784386534,0.0199995040893572,0.019999504089357245
2019-05-17,11.350000381469728,11.829999923706056,11.289999961853027,11.329999923706056,11.329999923706056,0.1068714624122209,-1.048033952472016,-0.1199998855590802,-0.11999988555908025
2019-05-20,11.140000343322754,11.25,10.949999809265137,11.140000343322754,11.140000343322754,0.4157951773433564,-1.6769601205888884,-0.1899995803833025,-0.18999958038330256
2019-05-21,11.149999618530272,11.270000457763672,10.899999618530272,11.06999969482422,11.06999969482422,0.4346285612381573,-0.628372049741377,-0.0700006484985333,-0.07000064849853338
2019-05-22,10.920000076293944,11.010000228881836,10.56999969482422,10.56999969482422,10.56999969482422,1.065968564637002,-4.516711958300911,-0.5,-0.5
2019-05-23,10.470000267028809,10.470000267028809,10.0600004196167,10.18000030517578,10.18000030517578,1.2104515395911457,-3.689682127799976,-0.389999389648441,-0.38999938964844105
2019-05-24,10.220000267028809,10.359999656677246,10.050000190734863,10.3100004196167,10.3100004196167,0.1310456566652488,1.2770148383475457,0.1300001144409197,0.13000011444091975
2019-05-28,10.289999961853027,10.390000343322754,9.869999885559082,9.960000038146973,9.960000038146973,0.836875909797261,-3.3947659284648046,-0.3500003814697265,-0.35000038146972656
2019-05-29,9.869999885559082,9.920000076293944,9.6899995803833,9.869999885559082,9.869999885559082,0.7202213677623008,-0.9036159863773928,-0.0900001525878906,-0.09000015258789062
2019-05-30,9.869999885559082,10.039999961853027,9.729999542236328,9.81999969482422,9.81999969482422,0.2472785557771911,-0.5065875513131202,-0.0500001907348615,-0.050000190734861505
2019-05-31,9.6899995803833,9.8100004196167,9.489999771118164,9.59000015258789,9.59000015258789,0.1354026335364341,-2.342154270713004,-0.2299995422363299,-0.2299995422363299
2019-06-03,9.56999969482422,10.050000190734863,9.5600004196167,9.979999542236328,9.979999542236328,0.2907077768480377,4.066729754359755,0.3899993896484375,0.3899993896484375
2019-06-04,10.199999809265137,10.68000030517578,10.109999656677246,10.670000076293944,10.670000076293944,0.9554981188063048,6.913833323713758,0.6900005340576154,0.6900005340576154
2019-06-05,10.670000076293944,11.010000228881836,10.5,10.920000076293944,10.920000076293944,0.4908476176405477,2.3430177901820004,0.25,0.25
2019-06-06,10.850000381469728,10.850000381469728,10.359999656677246,10.579999923706056,10.579999923706056,-0.1017012368406476,-3.113554489124848,-0.3400001525878871,-0.3400001525878871
2019-06-07,10.609999656677246,10.960000038146973,10.479999542236328,10.84000015258789,10.84000015258789,-0.1773158677018627,2.4574690997801074,0.2600002288818341,0.26000022888183416
2019-06-10,10.93000030517578,11.359999656677246,10.90999984741211,11.100000381469728,11.100000381469728,0.0966114846187847,2.3985260629333816,0.2600002288818377,0.2600002288818377
2019-06-11,11.210000038146973,11.329999923706056,10.989999771118164,11.119999885559082,11.119999885559082,-0.2159664689785062,0.18017570632467,0.0199995040893536,0.019999504089353692
2019-06-12,11.079999923706056,11.140000343322754,10.960000038146973,10.989999771118164,10.989999771118164,-0.3957269018251497,-1.1690657893777656,-0.1300001144409179,-0.13000011444091797
2019-06-13,11.029999732971191,11.039999961853027,10.329999923706056,10.5,10.5,0.7536717063217231,-4.458596736333775,-0.489999771118164,-0.48999977111816406
2019-06-14,10.479999542236328,10.640000343322754,10.199999809265137,10.489999771118164,10.489999771118164,0.0174831627324201,-0.0952402750651004,-0.0100002288818359,-0.010000228881835938
2019-06-17,10.5,10.630000114440918,10.140000343322754,10.1899995803833,10.1899995803833,0.0361759989862149,-2.8598684202152724,-0.3000001907348633,-0.3000001907348633
2019-06-18,10.260000228881836,11.050000190734863,10.210000038146973,10.869999885559082,10.869999885559082,0.7300597026327191,6.673212298112796,0.6800003051757812,0.6800003051757812
2019-06-19,10.920000076293944,10.920000076293944,10.449999809265137,10.75,10.75,0.4467156583646712,-1.1039548005745914,-0.119999885559082,-0.11999988555908203
2019-06-20,10.880000114440918,11.029999732971191,10.479999542236328,10.699999809265137,10.699999809265137,0.1621066853275695,-0.4651180533475685,-0.0500001907348632,-0.05000019073486328
2019-06-21,10.65999984741211,11.229999542236328,10.550000190734863,11.18000030517578,11.18000030517578,0.9914783149038348,4.485986023055899,0.4800004959106427,0.48000049591064275
2019-06-24,11.199999809265137,11.479999542236328,11.109999656677246,11.149999618530272,11.149999618530272,0.6839600763827589,-0.2683424492539554,-0.0300006866455078,-0.030000686645507812
2019-06-25,11.199999809265137,11.199999809265137,10.56999969482422,10.579999923706056,10.579999923706056,0.4062379377549501,-5.11210506121389,-0.5699996948242152,-0.5699996948242152
2019-06-26,10.65999984741211,11.140000343322754,10.609999656677246,11.06999969482422,11.06999969482422,0.0111585188871512,4.631377832245986,0.489999771118164,0.48999977111816406
2019-06-27,11.109999656677246,11.479999542236328,11.0600004196167,11.34000015258789,11.34000015258789,-0.0311463210556475,2.4390285926557675,0.2700004577636701,0.2700004577636701
2019-06-28,11.380000114440918,11.600000381469728,11.289999961853027,11.550000190734863,11.550000190734863,1.0083440318245518,1.8518521633269056,0.2100000381469726,0.21000003814697266
2019-07-01,11.739999771118164,11.989999771118164,10.9399995803833,11.06999969482422,11.06999969482422,0.7339950365808865,-4.155848380813776,-0.4800004959106427,-0.48000049591064275
2019-07-02,11.079999923706056,11.25,10.9399995803833,11.239999771118164,11.239999771118164,0.0752482431858763,1.5356827550178531,0.1700000762939435,0.17000007629394354
2019-07-03,11.300000190734863,11.539999961853027,11.170000076293944,11.470000267028809,11.470000267028809,-0.5598865465201298,2.0462677988805966,0.2300004959106445,0.23000049591064453
2019-07-05,11.380000114440918,11.760000228881836,11.31999969482422,11.739999771118164,11.739999771118164,-0.3101333884525102,2.3539624917488844,0.2699995040893554,0.26999950408935547
2019-07-08,11.739999771118164,11.739999771118164,11.350000381469728,11.470000267028809,11.470000267028809,-0.3121010554265939,-2.2998254629747694,-0.2699995040893554,-0.26999950408935547
2019-07-09,11.399999618530272,11.720000267028809,11.279999732971191,11.510000228881836,11.510000228881836,-0.3691633976750202,0.3487354919076146,0.0399999618530273,0.039999961853027344
2019-07-10,11.56999969482422,11.829999923706056,11.40999984741211,11.81999969482422,11.81999969482422,-0.2556009037421914,2.69330547157165,0.3099994659423846,0.3099994659423846
2019-07-11,11.81999969482422,12.1899995803833,11.710000038146973,12.010000228881836,12.010000228881836,0.0114396141691631,1.607449568216257,0.1900005340576154,0.1900005340576154
2019-07-12,12.239999771118164,12.300000190734863,11.899999618530272,12.109999656677246,12.109999656677246,0.1212073217948305,0.8326346868414713,0.0999994277954101,0.09999942779541016
2019-07-15,12.149999618530272,12.220000267028809,11.6899995803833,12.06999969482422,12.06999969482422,-0.1409140286813149,-0.3303052269780226,-0.0399999618530255,-0.03999996185302557
2019-07-16,12.020000457763672,12.300000190734863,11.960000038146973,12.18000030517578,12.18000030517578,-0.4561623874577194,0.9113555354829828,0.1100006103515589,0.11000061035155895
2019-07-17,12.18000030517578,12.279999732971191,11.890000343322754,11.899999618530272,11.899999618530272,-0.3296695105523409,-2.29885615459734,-0.2800006866455078,-0.2800006866455078
2019-07-18,11.739999771118164,11.75,10.630000114440918,10.640000343322754,10.640000343322754,2.484656452951325,-10.588229542843765,-1.2599992752075178,-1.2599992752075178
2019-07-19,10.649999618530272,10.670000076293944,10.210000038146973,10.220000267028809,10.220000267028809,1.455285530223556,-3.9473690107305393,-0.4200000762939453,-0.4200000762939453
2019-07-22,10.25,10.25,9.869999885559082,10.0,10.0,0.6135457082387649,-2.152644435231188,-0.2200002670288086,-0.2200002670288086
2019-07-23,10.050000190734863,10.079999923706056,9.760000228881836,9.970000267028809,9.970000267028809,0.7874031401631574,-0.2999973297119096,-0.0299997329711914,-0.029999732971191406
2019-07-24,9.970000267028809,10.260000228881836,9.899999618530272,10.1899995803833,10.1899995803833,0.6759488608454183,2.2066129133620827,0.2199993133544922,0.2199993133544922
2019-07-25,10.1899995803833,10.420000076293944,9.93000030517578,9.93000030517578,9.93000030517578,0.2115794549616731,-2.551514091404328,-0.2599992752075213,-0.2599992752075213
2019-07-26,9.979999542236328,10.199999809265137,9.770000457763672,10.140000343322754,10.140000343322754,0.2915510626940736,2.1148039445428424,0.2100000381469744,0.21000003814697443
2019-07-29,10.18000030517578,10.279999732971191,9.56999969482422,9.630000114440918,9.630000114440918,1.242918044663526,-5.029587885740794,-0.5100002288818359,-0.5100002288818359
2019-07-30,9.520000457763672,9.609999656677246,8.779999732971191,8.90999984741211,8.90999984741211,3.6229517974587258,-7.476638198052699,-0.7200002670288086,-0.7200002670288086
2019-07-31,8.9399995803833,9.050000190734863,8.399999618530273,8.770000457763672,8.770000457763672,2.980367982779403,-1.5712614146575987,-0.1399993896484375,-0.1399993896484375
2019-08-01,8.789999961853027,8.84000015258789,7.860000133514404,8.180000305175781,8.180000305175781,3.367576733750867,-6.727481434343496,-0.5900001525878906,-0.5900001525878906
2019-08-02,8.100000381469727,8.829999923706055,8.0,8.680000305175781,8.680000305175781,2.5151552910496218,6.1124692096115485,0.5,0.5
2019-08-05,8.5,8.510000228881836,8.229999542236328,8.420000076293945,8.420000076293945,0.9383513066035758,-2.9953942366430675,-0.2600002288818359,-0.26000022888183594
2019-08-06,8.510000228881836,8.59000015258789,8.069999694824219,8.239999771118164,8.239999771118164,1.5331489233408666,-2.137770825947638,-0.1800003051757812,-0.18000030517578125
2019-08-07,7.059999942779541,7.539999961853027,6.590000152587891,7.420000076293945,7.420000076293945,5.180360207445947,-9.951452883510758,-0.8199996948242188,-0.8199996948242188
2019-08-08,7.360000133514404,8.149999618530273,7.360000133514404,8.100000381469727,8.100000381469727,3.548602095366564,9.164424503825884,0.6800003051757812,0.6800003051757812
2019-08-09,8.039999961853027,8.149999618530273,7.670000076293945,8.100000381469727,8.100000381469727,1.937363938874054,0.0,0.0,0.0
2019-08-12,8.279999732971191,8.369999885559082,7.96999979019165,8.050000190734863,8.050000190734863,1.3511397282381277,-0.6172862762975684,-0.0500001907348632,-0.05000019073486328
2019-08-13,8.0,8.539999961853027,7.889999866485596,8.34000015258789,8.34000015258789,1.6565497521441137,3.602483912817811,0.2899999618530273,0.28999996185302734
2019-08-14,8.100000381469727,8.239999771118164,7.829999923706055,8.130000114440918,8.130000114440918,1.2141057782573008,-2.517986022839702,-0.2100000381469726,-0.21000003814697266
2019-08-15,8.149999618530273,8.229999542236328,7.309999942779541,7.849999904632568,7.849999904632568,1.9418614633862448,-3.44403697253336,-0.2800002098083496,-0.2800002098083496
2019-08-16,7.949999809265137,8.119999885559082,7.900000095367432,8.09000015258789,8.09000015258789,-0.0828678529458468,3.057328036573481,0.2400002479553222,0.24000024795532227
2019-08-19,8.270000457763672,8.420000076293945,7.309999942779541,8.0600004196167,8.0600004196167,0.4697654714896513,-0.3708248752207321,-0.0299997329711914,-0.029999732971191406
2019-08-20,8.25,8.739999771118164,8.109999656677246,8.40999984741211,8.40999984741211,2.366034243942281,4.342424436400405,0.3499994277954101,0.34999942779541016
2019-08-21,8.699999809265137,9.300000190734863,8.680000305175781,8.949999809265137,8.949999809265137,2.3183885936412554,6.4209271302090976,0.5399999618530273,0.5399999618530273
2019-08-22,8.930000305175781,9.109999656677246,8.739999771118164,8.9399995803833,8.9399995803833,0.6953444353042431,-0.1117344032955602,-0.0100002288818359,-0.010000228881835938
2019-08-23,8.869999885559082,8.970000267028809,8.59000015258789,8.680000305175781,8.680000305175781,0.4857879025643326,-2.908269434128674,-0.2599992752075195,-0.25999927520751953
2019-08-26,8.760000228881836,9.0,8.4399995803833,8.930000305175781,8.930000305175781,0.3116493753579282,2.8801842305342884,0.25,0.25
2019-08-27,8.989999771118164,9.039999961853027,8.670000076293945,8.739999771118164,8.739999771118164,0.6122807794697112,-2.1276654822452112,-0.1900005340576172,-0.1900005340576172
2019-08-28,8.699999809265137,9.0,8.649999618530273,8.9399995803833,8.9399995803833,0.1219100599998604,2.288327397056089,0.1999998092651367,0.19999980926513672
2019-08-29,9.039999961853027,9.56999969482422,8.989999771118164,9.460000038146973,9.460000038146973,1.7682851267438646,5.816560203254251,0.5200004577636719,0.5200004577636719
2019-08-30,9.550000190734863,9.720000267028809,9.279999732971191,9.40999984741211,9.40999984741211,1.201456490566763,-0.5285432403090873,-0.0500001907348632,-0.05000019073486328
2019-09-03,9.31999969482422,9.699999809265137,8.869999885559082,9.260000228881836,9.260000228881836,2.649518835851335,-1.5940448561380771,-0.1499996185302734,-0.14999961853027344
2019-09-04,9.579999923706056,10.899999618530272,9.039999961853027,10.079999923706056,10.079999923706056,4.011144381917232,8.855288062160627,0.8199996948242205,0.8199996948242205
2019-09-05,10.279999732971191,11.970000267028809,10.020000457763672,11.579999923706056,11.579999923706056,4.510510150411465,14.880952493583989,1.5,1.5
2019-09-06,11.489999771118164,12.029999732971191,11.279999732971191,11.800000190734863,11.800000190734863,1.408483165768566,1.899829606893455,0.2200002670288068,0.22000026702880682
2019-09-09,11.800000190734863,11.989999771118164,11.460000038146973,11.850000381469728,11.850000381469728,0.7275298450946116,0.4237304231073269,0.050000190734865,0.05000019073486506
2019-09-10,11.829999923706056,13.18000030517578,11.670000076293944,13.0,13.0,2.674676863591405,9.70463781864992,1.1499996185302717,1.1499996185302717
2019-09-11,12.9399995803833,13.460000038146973,11.93000030517578,11.989999771118164,11.989999771118164,3.973899257050648,-7.769232529860282,-1.010000228881836,-1.010000228881836
2019-09-12,11.989999771118164,12.289999961853027,11.220000267028809,11.25,11.25,3.5462127854694625,-6.171808050411276,-0.7399997711181641,-0.7399997711181641
2019-09-16,9.670000076293944,9.75,8.800000190734863,9.270000457763672,9.270000457763672,3.210866114029204,-17.599995930989586,-1.979999542236328,-1.9799995422363281
2019-09-17,9.25,9.3100004196167,8.930000305175781,8.960000038146973,8.960000038146973,1.1819203684669324,-3.3441251813215667,-0.3100004196166992,-0.3100004196166992
2019-09-18,8.930000305175781,9.239999771118164,8.640000343322754,8.970000267028809,8.970000267028809,1.8372940184777988,0.1116096968667434,0.0100002288818359,0.010000228881835938
2019-09-19,8.960000038146973,9.34000015258789,8.800000190734863,8.869999885559082,8.869999885559082,1.791756582791863,-1.1148314213244803,-0.1000003814697265,-0.10000038146972656
2019-09-20,8.880000114440918,9.390000343322754,8.869999885559082,9.239999771118164,9.239999771118164,1.5882435986152093,4.17136291243323,0.369999885559082,0.36999988555908203
2019-09-23,9.0600004196167,9.5,9.050000190734863,9.239999771118164,9.239999771118164,0.6517746665923905,0.0,0.0,0.0
2019-09-24,9.25,9.289999961853027,8.949999809265137,9.050000190734863,9.050000190734863,0.1102446057963643,-2.0562725659062253,-0.1899995803833007,-0.18999958038330078
2019-09-25,9.06999969482422,9.390000343322754,9.0600004196167,9.31999969482422,9.31999969482422,-0.057990920487789,2.9834198718114324,0.2699995040893572,0.26999950408935725
2019-09-26,9.329999923706056,9.449999809265137,9.100000381469728,9.4399995803833,9.4399995803833,-0.2123122303123508,1.2875524623216617,0.1199998855590802,0.11999988555908025
2019-09-27,9.4399995803833,9.729999542236328,9.399999618530272,9.649999618530272,9.649999618530272,0.1147421303085556,2.224576774170206,0.2100000381469708,0.21000003814697088
2019-09-30,9.710000038146973,10.119999885559082,9.710000038146973,9.869999885559082,9.869999885559082,0.8998412529679383,2.27979560337348,0.2200002670288103,0.22000026702881037
2019-10-01,9.859999656677246,10.0600004196167,9.4399995803833,9.520000457763672,9.520000457763672,-0.1395085522712552,-3.546093534484218,-0.3499994277954101,-0.34999942779541016
2019-10-02,9.449999809265137,9.449999809265137,9.010000228881836,9.020000457763672,9.020000457763672,0.300827207000468,-5.25210058779193,-0.5,-0.5
2019-10-03,8.989999771118164,9.18000030517578,8.699999809265137,9.149999618530272,9.149999618530272,-0.1038094514557372,1.441232307862106,0.1299991607665998,0.1299991607665998
2019-10-04,9.170000076293944,9.40999984741211,8.989999771118164,9.380000114440918,9.380000114440918,-0.205425395903058,2.513666726770758,0.2300004959106463,0.2300004959106463
2019-10-07,9.380000114440918,9.489999771118164,9.239999771118164,9.25,9.25,-0.3492056326521716,-1.3859287084738603,-0.1300001144409179,-0.13000011444091797
2019-10-08,9.149999618530272,9.31999969482422,9.0,9.300000190734863,9.300000190734863,0.0249321877057368,0.5405426025390625,0.0500001907348632,0.05000019073486328
2019-10-09,9.34000015258789,9.600000381469728,9.06999969482422,9.170000076293944,9.170000076293944,-0.0141400564939244,-1.3978506642444266,-0.1300001144409197,-0.13000011444091975
2019-10-10,9.220000267028809,9.479999542236328,9.039999961853027,9.270000457763672,9.270000457763672,0.3050436362306473,1.090516691796406,0.1000003814697283,0.10000038146972834
2019-10-11,9.399999618530272,9.479999542236328,9.18000030517578,9.239999771118164,9.239999771118164,0.7865598543171215,-0.3236319866670833,-0.0300006866455078,-0.030000686645507812
2019-10-14,9.199999809265137,9.850000381469728,9.020000457763672,9.579999923706056,9.579999923706056,0.7933061410854084,3.679655422185668,0.3400001525878924,0.3400001525878924
2019-10-15,9.619999885559082,10.050000190734863,9.520000457763672,9.59000015258789,9.59000015258789,0.3791122430407967,0.1043865236062036,0.0100002288818341,0.010000228881834161
2019-10-16,9.550000190734863,9.920000076293944,9.510000228881836,9.65999984741211,9.65999984741211,-0.2712016918938548,0.7299238134561348,0.0699996948242187,0.06999969482421875
2019-10-17,9.710000038146973,9.770000457763672,9.539999961853027,9.579999923706056,9.579999923706056,-0.4686711275072512,-0.8281565731855012,-0.0799999237060529,-0.07999992370605291
2019-10-18,9.5,9.59000015258789,9.399999618530272,9.550000190734863,9.550000190734863,-0.6073916491801498,-0.3131496159718971,-0.0299997329711931,-0.029999732971193183
2019-10-21,9.619999885559082,9.899999618530272,9.600000381469728,9.630000114440918,9.630000114440918,-0.2966408149159365,0.8376955194584035,0.0799999237060546,0.07999992370605469
2019-10-22,9.579999923706056,9.81999969482422,9.449999809265137,9.649999618530272,9.649999618530272,0.0017418269397508,0.2076791677225742,0.0199995040893536,0.019999504089353692
2019-10-23,9.649999618530272,9.649999618530272,9.449999809265137,9.5600004196167,9.5600004196167,-0.3402105836277891,-0.9326342225004058,-0.0899991989135724,-0.08999919891357244
2019-10-24,9.59000015258789,9.630000114440918,9.25,9.43000030517578,9.43000030517578,-0.22875630431005,-1.359833773376884,-0.1300001144409197,-0.13000011444091975
2019-10-25,9.350000381469728,9.65999984741211,9.34000015258789,9.59000015258789,9.59000015258789,-0.128405288631783,1.6967109462795449,0.1599998474121111,0.15999984741211115
2019-10-28,9.65999984741211,9.960000038146973,9.65999984741211,9.960000038146973,9.960000038146973,-0.0986091887385161,3.858184355286332,0.369999885559082,0.36999988555908203
2019-10-29,9.949999809265137,9.949999809265137,9.460000038146973,9.59000015258789,9.59000015258789,-0.2138582543634165,-3.714858274517829,-0.369999885559082,-0.36999988555908203
2019-10-30,9.59000015258789,9.609999656677246,9.109999656677246,9.479999542236328,9.479999542236328,0.6401092123888944,-1.1470345005352156,-0.1100006103515625,-0.1100006103515625
2019-10-31,9.489999771118164,9.489999771118164,9.100000381469728,9.229999542236328,9.229999542236328,-0.1113990240700599,-2.63713092902772,-0.25,-0.25
2019-11-01,9.289999961853027,9.300000190734863,8.970000267028809,9.109999656677246,9.109999656677246,0.3796744336048206,-1.3001071669609954,-0.119999885559082,-0.11999988555908203
2019-11-04,9.18000030517578,9.539999961853027,9.18000030517578,9.34000015258789,9.34000015258789,0.0918328648245815,2.524703672651229,0.2300004959106445,0.23000049591064453
2019-11-05,9.350000381469728,9.619999885559082,9.31999969482422,9.380000114440918,9.380000114440918,0.1774263781972209,0.4282651092028633,0.0399999618530273,0.039999961853027344
2019-11-06,8.930000305175781,9.9399995803833,8.550000190734863,9.140000343322754,9.140000343322754,2.4946353354627493,-2.558632923134762,-0.239999771118164,-0.23999977111816406
2019-11-07,9.220000267028809,9.699999809265137,9.18000030517578,9.329999923706056,9.329999923706056,0.6559910958225696,2.078769947991388,0.1899995803833025,0.18999958038330256
2019-11-08,9.3100004196167,9.420000076293944,8.989999771118164,9.149999618530272,9.149999618530272,0.4312554178540139,-1.9292637368456207,-0.1800003051757848,-0.1800003051757848
2019-11-11,9.100000381469728,9.199999809265137,8.420000076293945,8.59000015258789,8.59000015258789,1.4447444571481078,-6.120212997695528,-0.559999465942381,-0.559999465942381
2019-11-12,8.520000457763672,8.760000228881836,8.289999961853027,8.350000381469727,8.350000381469727,1.3410202980856971,-2.793943735214721,-0.239999771118164,-0.23999977111816406
2019-11-13,8.300000190734863,8.770000457763672,8.220000267028809,8.75,8.75,0.6167783039819024,4.790414374326857,0.3999996185302734,0.39999961853027344
2019-11-14,8.75,8.960000038146973,8.5600004196167,8.8100004196167,8.8100004196167,-0.0266487965434563,0.6857190813337022,0.0600004196166992,0.06000041961669922
2019-11-15,8.90999984741211,9.140000343322754,8.770000457763672,8.930000305175781,8.930000305175781,0.2859291570538345,1.362087171890325,0.119999885559082,0.11999988555908203
2019-11-18,9.15999984741211,9.40999984741211,9.039999961853027,9.050000190734863,9.050000190734863,0.5521263891191533,1.3437836669448977,0.119999885559082,0.11999988555908203
2019-11-19,9.039999961853027,9.039999961853027,8.720000267028809,8.789999961853027,8.789999961853027,-0.0853977104839543,-2.872930645327687,-0.2600002288818359,-0.26000022888183594
2019-11-20,8.75,8.800000190734863,8.579999923706055,8.600000381469727,8.600000381469727,-0.0184970333651097,-2.1615424483260925,-0.1899995803833007,-0.18999958038330078
2019-11-21,8.630000114440918,8.710000038146973,8.550000190734863,8.579999923706055,8.579999923706055,-0.4132953569508967,-0.2325634520524699,-0.0200004577636718,-0.020000457763671875
2019-11-22,8.569999694824219,8.640000343322754,8.40999984741211,8.460000038146973,8.460000038146973,-0.2085174440051894,-1.3986000772276186,-0.119999885559082,-0.11999988555908203
2019-11-25,8.5,8.84000015258789,8.470000267028809,8.800000190734863,8.800000190734863,0.15929573250745,4.018914315068511,0.3400001525878906,0.3400001525878906
2019-11-26,8.850000381469727,9.0,8.699999809265137,8.829999923706055,8.829999923706055,0.2777773938754879,0.3409060491018634,0.0299997329711914,0.029999732971191406
2019-11-27,8.869999885559082,9.0,8.779999732971191,8.930000305175781,8.930000305175781,-0.1501901729877093,1.1325071611977489,0.1000003814697265,0.10000038146972656
2019-11-29,8.899999618530273,8.989999771118164,8.789999961853027,8.90999984741211,8.90999984741211,-0.2117500397483269,-0.2239692842124552,-0.0200004577636718,-0.020000457763671875
2019-12-02,8.899999618530273,9.039999961853027,8.720000267028809,8.760000228881836,8.760000228881836,0.4645652087724302,-1.6834974309661854,-0.1499996185302734,-0.14999961853027344
2019-12-03,8.649999618530273,8.649999618530273,8.270000457763672,8.449999809265137,8.449999809265137,0.536385053326484,-3.5388174830706443,-0.3100004196166992,-0.3100004196166992
2019-12-04,8.569999694824219,8.75,8.430000305175781,8.729999542236328,8.729999542236328,0.5397581967106274,3.3136063821466832,0.2799997329711914,0.2799997329711914
2019-12-05,8.8100004196167,9.06999969482422,8.779999732971191,8.989999771118164,8.989999771118164,0.577284416859223,2.9782387458777926,0.2600002288818359,0.26000022888183594
2019-12-06,9.0600004196167,9.31999969482422,9.039999961853027,9.18000030517578,9.18000030517578,0.7578881355519024,2.1134653937147307,0.1900005340576154,0.1900005340576154
2019-12-09,9.149999618530272,9.619999885559082,9.06999969482422,9.369999885559082,9.369999885559082,0.931042829271265,2.069712135806556,0.1899995803833025,0.18999958038330256
2019-12-10,9.369999885559082,9.579999923706056,9.199999809265137,9.529999732971191,9.529999732971191,0.2273207907543425,1.7075757669826608,0.1599998474121093,0.15999984741210938
2019-12-11,9.470000267028809,9.539999961853027,9.25,9.479999542236328,9.479999542236328,0.0318190221150297,-0.5246609877844643,-0.0500001907348632,-0.05000019073486328
2019-12-12,10.170000076293944,11.239999771118164,9.8100004196167,11.18000030517578,11.18000030517578,5.086193287971943,17.932498365273354,1.7000007629394511,1.7000007629394513
2019-12-13,11.09000015258789,11.170000076293944,10.369999885559082,10.520000457763672,10.520000457763672,2.231530151499562,-5.903397400683086,-0.6599998474121076,-0.6599998474121076
2019-12-16,10.600000381469728,10.779999732971191,10.010000228881836,10.109999656677246,10.109999656677246,0.9332915915273606,-3.897345848344036,-0.4100008010864258,-0.4100008010864258
2019-12-17,10.100000381469728,10.239999771118164,9.869999885559082,9.899999618530272,9.899999618530272,0.6905658155100398,-2.0771517831682407,-0.2100000381469744,-0.21000003814697443
2019-12-18,9.989999771118164,10.489999771118164,9.989999771118164,10.18000030517578,10.18000030517578,-0.1277025504267532,2.8282898730765504,0.2800006866455078,0.2800006866455078
2019-12-19,10.170000076293944,10.300000190734863,9.850000381469728,9.859999656677246,9.859999656677246,-0.1381030758611954,-3.143424743669576,-0.3200006484985334,-0.3200006484985334
2019-12-20,9.850000381469728,10.050000190734863,9.65999984741211,9.720000267028809,9.720000267028809,0.5391960061466036,-1.41987215540752,-0.1399993896484375,-0.1399993896484375
2019-12-23,9.84000015258789,10.020000457763672,9.729999542236328,9.869999885559082,9.869999885559082,-0.1475197678085958,1.5432059095624284,0.1499996185302734,0.14999961853027344
2019-12-24,9.93000030517578,10.1899995803833,9.880000114440918,10.119999885559082,10.119999885559082,-0.6328307722022314,2.532928094211817,0.25,0.25
2019-12-26,10.100000381469728,10.1899995803833,9.81999969482422,9.989999771118164,9.989999771118164,-0.3629793014707572,-1.2845861256028712,-0.1300001144409179,-0.13000011444091797
2019-12-27,9.989999771118164,10.109999656677246,9.760000228881836,9.920000076293944,9.920000076293944,0.0313973791920117,-0.7006976619418404,-0.0699996948242205,-0.06999969482422053
2019-12-30,9.949999809265137,9.949999809265137,9.470000267028809,9.609999656677246,9.609999656677246,0.3845936010400298,-3.12500420597287,-0.3100004196166974,-0.31000041961669744
2019-12-31,9.520000457763672,9.899999618530272,9.520000457763672,9.770000457763672,9.770000457763672,0.318676757408227,1.6649407575707098,0.1600008010864257,0.16000080108642578
2020-01-02,9.829999923706056,9.829999923706056,9.329999923706056,9.529999732971191,9.529999732971191,0.5258439802510358,-2.456506791683566,-0.2400007247924804,-0.24000072479248047
2020-01-03,9.390000343322754,9.670000076293944,9.34000015258789,9.479999542236328,9.479999542236328,0.1583118990204082,-0.5246609877844643,-0.0500001907348632,-0.05000019073486328
2020-01-06,9.350000381469728,9.600000381469728,9.239999771118164,9.479999542236328,9.479999542236328,-0.3150525558877193,0.0,0.0,0.0
2020-01-07,9.449999809265137,9.579999923706056,9.31999969482422,9.390000343322754,9.390000343322754,0.1588740895844321,-0.94935868417082,-0.0899991989135742,-0.08999919891357422
2020-01-08,9.329999923706056,9.56999969482422,9.31999969482422,9.470000267028809,9.470000267028809,-0.1442871720654583,0.8519693373913784,0.0799999237060546,0.07999992370605469
2020-01-09,9.5,9.600000381469728,9.220000267028809,9.220000267028809,9.220000267028809,-0.2099229204152492,-2.6399154482646847,-0.25,-0.25
2020-01-10,9.25,9.279999732971191,9.010000228881836,9.100000381469728,9.100000381469728,-0.116880382069293,-1.301517159258725,-0.1199998855590802,-0.11999988555908025
2020-01-13,9.100000381469728,9.380000114440918,8.90999984741211,9.199999809265137,9.199999809265137,0.4862095454873505,1.0988947648731484,0.0999994277954083,0.09999942779540838
2020-01-14,9.210000038146973,9.300000190734863,9.06999969482422,9.170000076293944,9.170000076293944,-0.4792122005826995,-0.3260840607950954,-0.0299997329711931,-0.029999732971193183
2020-01-15,9.130000114440918,9.210000038146973,9.06999969482422,9.140000343322754,9.140000343322754,-0.3267180100912153,-0.3271508475637175,-0.0299997329711896,-0.02999973297118963
2020-01-16,9.210000038146973,9.359999656677246,9.109999656677246,9.3100004196167,9.3100004196167,0.0871947926713843,1.8599570011847977,0.1700000762939453,0.1700000762939453
2020-01-17,9.329999923706056,9.579999923706056,9.18000030517578,9.350000381469728,9.350000381469728,-0.0572881822827591,0.4296451133207979,0.0399999618530291,0.03999996185302912
2020-01-21,8.869999885559082,8.989999771118164,8.260000228881836,8.270000457763672,8.270000457763672,3.699269166524971,-11.550800851799448,-1.0799999237060565,-1.0799999237060565
2020-01-22,8.199999809265137,8.399999618530273,8.0,8.130000114440918,8.130000114440918,1.2327986145110958,-1.6928698376470486,-0.1400003433227539,-0.1400003433227539
2020-01-23,8.079999923706055,8.3100004196167,7.940000057220459,8.1899995803833,8.1899995803833,0.7531095157576992,0.7380008007110472,0.0599994659423828,0.05999946594238281
2020-01-24,8.210000038146973,8.279999732971191,7.829999923706055,7.860000133514404,7.860000133514404,0.5770033215772111,-4.029297482008564,-0.3299994468688965,-0.3299994468688965
2020-01-27,7.650000095367432,7.75,7.159999847412109,7.199999809265137,7.199999809265137,1.1206415969883268,-8.396950547558891,-0.6600003242492676,-0.6600003242492676
2020-01-28,7.300000190734863,7.599999904632568,7.139999866485596,7.369999885559082,7.369999885559082,0.5923230144468625,2.3611122332973578,0.1700000762939453,0.1700000762939453
2020-01-29,7.429999828338623,7.900000095367432,7.429999828338623,7.829999923706055,7.829999923706055,1.0048303407994024,6.241520288871438,0.4600000381469726,0.46000003814697266
2020-01-30,7.75,8.039999961853027,7.690000057220459,8.010000228881836,8.010000228881836,1.776858532845229,2.2988544946317857,0.1800003051757812,0.18000030517578125
2020-01-31,7.960000038146973,8.020000457763672,7.489999771118164,7.610000133514404,7.610000133514404,0.3497377860705477,-4.993758850656993,-0.4000000953674316,-0.40000009536743164
2020-02-03,7.650000095367432,7.949999809265137,7.650000095367432,7.760000228881836,7.760000228881836,0.2915510626940736,1.971091888774512,0.1500000953674316,0.15000009536743164
2020-02-04,7.900000095367432,7.989999771118164,7.610000133514404,7.659999847412109,7.659999847412109,0.0361759989862149,-1.288664671652151,-0.1000003814697265,-0.10000038146972656
2020-02-05,7.809999942779541,8.050000190734863,7.739999771118164,7.860000133514404,7.860000133514404,0.4794632587190637,2.6109698444689133,0.2000002861022949,0.20000028610229492
2020-02-06,8.100000381469727,8.15999984741211,7.550000190734863,7.800000190734863,7.800000190734863,0.4053946519089142,-0.7633580376634641,-0.059999942779541,-0.059999942779541016
2020-02-07,7.71999979019165,7.769999980926514,7.199999809265137,7.25,7.25,1.861046569807809,-7.051284324174434,-0.5500001907348633,-0.5500001907348633
2020-02-10,7.25,7.269999980926514,7.010000228881836,7.25,7.25,0.4885988553844521,0.0,0.0,0.0
2020-02-11,7.269999980926514,7.289999961853027,7.010000228881836,7.130000114440918,7.130000114440918,0.9560603093703288,-1.6551708352976813,-0.119999885559082,-0.11999988555908203
2020-02-12,7.179999828338623,7.489999771118164,7.130000114440918,7.420000076293945,7.420000076293945,1.041653822742968,4.067320577816957,0.2899999618530273,0.28999996185302734
2020-02-13,7.300000190734863,7.900000095367432,7.300000190734863,7.690000057220459,7.690000057220459,0.8145288348773108,3.638813721702405,0.2699999809265136,0.26999998092651367
2020-02-14,7.670000076293945,8.029999732971191,7.489999771118164,7.909999847412109,7.909999847412109,1.313754055730538,2.860855507862881,0.2199997901916504,0.2199997901916504
2020-02-18,7.809999942779541,8.130000114440918,7.659999847412109,7.940000057220459,7.940000057220459,0.3840314104760059,0.3792694107088268,0.0300002098083496,0.03000020980834961
2020-02-19,7.989999771118164,8.220000267028809,7.789999961853027,8.170000076293945,8.170000076293945,0.8595040799992232,2.896725660150712,0.2300000190734863,0.23000001907348633
2020-02-24,9.869999885559082,9.890000343322754,8.489999771118164,8.529999732971191,8.529999732971191,6.182043244895539,4.406360505697182,0.3599996566772461,0.3599996566772461
2020-02-26,10.300000190734863,10.5,9.81999969482422,10.5,10.5,3.733141148007411,23.094962821793818,1.9700002670288088,1.9700002670288086
2020-02-27,10.06999969482422,10.15999984741211,9.34000015258789,9.579999923706056,9.579999923706056,2.6512054075434066,-8.761905488513744,-0.9200000762939436,-0.9200000762939435
2020-02-28,9.079999923706056,9.800000190734863,9.06999969482422,9.800000190734863,9.800000190734863,1.559150236926972,2.2964537451029443,0.2200002670288068,0.22000026702880682
2020-03-02,9.890000343322754,9.989999771118164,9.260000228881836,9.579999923706056,9.579999923706056,1.8943563607262253,-2.2449006402754934,-0.2200002670288068,-0.22000026702880682
2020-03-03,9.510000228881836,9.550000190734863,8.510000228881836,8.569999694824219,8.569999694824219,2.5997649709352197,-10.54279996790559,-1.0100002288818375,-1.0100002288818377
2020-03-04,8.890000343322754,9.800000190734863,8.770000457763672,9.359999656677246,9.359999656677246,2.2039828138623907,9.218202916974905,0.7899999618530273,0.7899999618530273
2020-03-05,9.0600004196167,9.779999732971191,8.890000343322754,9.739999771118164,9.739999771118164,1.7677229361798408,4.059830431402123,0.3800001144409179,0.38000011444091797
2020-03-06,9.399999618530272,9.75,9.279999732971191,9.479999542236328,9.479999542236328,1.3216247236268726,-2.669406930098805,-0.2600002288818359,-0.26000022888183594
2020-03-09,8.609999656677246,9.31999969482422,8.40999984741211,8.520000457763672,8.520000457763672,0.801036261340737,-10.126573110004522,-0.9599990844726562,-0.9599990844726562
2020-03-10,8.920000076293945,9.170000076293944,8.34000015258789,8.770000457763672,8.770000457763672,0.8766508922019522,2.9342721428165186,0.25,0.25
2020-03-11,8.529999732971191,8.729999542236328,7.960000038146973,8.039999961853027,8.039999961853027,0.7259838210435459,-8.323836463023316,-0.7300004959106445,-0.7300004959106445
2020-03-12,7.400000095367432,7.409999847412109,6.389999866485596,6.699999809265137,6.699999809265137,2.1709541182259864,-16.666668643603487,-1.3400001525878906,-1.3400001525878906
2020-03-13,7.070000171661377,7.150000095367432,5.630000114440918,5.900000095367432,5.900000095367432,2.338346358664104,-11.940294577194177,-0.7999997138977051,-0.7999997138977051
2020-03-16,4.099999904632568,4.510000228881836,3.7899999618530273,4.070000171661377,4.070000171661377,3.5459316901874507,-31.016947358067604,-1.829999923706055,-1.8299999237060547
2020-03-17,4.539999961853027,4.920000076293945,3.910000085830689,4.909999847412109,4.909999847412109,2.339751835074164,20.638811801520006,0.8399996757507324,0.8399996757507324
2020-03-18,4.21999979019165,4.659999847412109,4.0,4.010000228881836,4.010000228881836,1.489438606988008,-18.32993170060142,-0.8999996185302734,-0.8999996185302734
2020-03-19,4.079999923706055,4.5,3.7699999809265137,4.21999979019165,4.21999979019165,1.4150889048958468,5.236896491858101,0.2099995613098144,0.20999956130981445
2020-03-20,4.25,4.46999979019165,4.03000020980835,4.159999847412109,4.159999847412109,0.9377891160395518,-1.4217996626207483,-0.059999942779541,-0.059999942779541016
2020-03-23,4.199999809265137,4.579999923706055,4.079999923706055,4.46999979019165,4.46999979019165,0.7668831845762849,7.45192197476614,0.309999942779541,0.309999942779541
2020-03-24,4.800000190734863,6.059999942779541,4.769999980926514,5.630000114440918,5.630000114440918,2.319794070051315,25.95079146971353,1.1600003242492676,1.1600003242492676
2020-03-25,5.760000228881836,6.840000152587891,5.659999847412109,6.260000228881836,6.260000228881836,1.413402333203775,11.190055091206318,0.630000114440918,0.630000114440918
2020-03-26,6.340000152587891,6.550000190734863,5.690000057220459,5.789999961853027,5.789999961853027,1.160978769957042,-7.507991211571574,-0.4700002670288086,-0.4700002670288086
2020-03-27,5.5,5.599999904632568,5.21999979019165,5.25,5.25,0.5661811532197509,-9.3264242730704,-0.5399999618530273,-0.5399999618530273
2020-03-30,5.25,5.289999961853027,4.679999828338623,4.760000228881836,4.760000228881836,1.3705353026969525,-9.333328973679311,-0.489999771118164,-0.48999977111816406
2020-03-31,4.71999979019165,5.179999828338623,4.550000190734863,4.690000057220459,4.690000057220459,1.0930942593511557,-1.47059177091301,-0.0700001716613769,-0.07000017166137695
2020-04-01,4.519999980926514,4.53000020980835,4.150000095367432,4.199999809265137,4.199999809265137,0.5696948442449004,-10.44776635345549,-0.4900002479553222,-0.49000024795532227
